Stare Time: 01-Dec-2019 18:11:05
    Time    Current       EPUg       EPUp        U50        U90         Fx         Fy      SizeX      SizeY     BL11I0  InjectEff      CH11   CH12   CH13   CH14   CH15   CH16   CH17   CH21   CH22   CH23   CH24   CH25   CH26   CH27
18:11:05    360.713      30.00       0.00      25.61      28.00     758.51     438.47     139.41      61.69      62.77       2.94      0.00   0.00   0.00   0.00   0.00   0.00   0.00   0.00   0.00   0.00   0.00   0.00   0.00   0.00 

18:11:05    360.392      21.50       0.00      25.61      28.00     761.01     446.89     139.88      67.21      61.43       0.00      0.00   0.00   0.00   0.00   0.00   0.00   0.00   0.00   0.00   0.00   0.00   0.00   0.00   0.00 
18:11:05    359.437      21.50       0.00      25.61      28.00     758.60     446.81     139.78      67.11      61.19       0.00      0.00   0.40   0.24   0.02   0.26   0.27  -0.28  -0.02   0.27   0.26   0.02   0.24   0.40   0.00 

18:11:05    358.864      21.50       2.00      25.61      28.00     761.52     446.48     140.36      66.83      61.41       0.00      0.00   0.00   0.00   0.00   0.00   0.00   0.00   0.00   0.00   0.00   0.00   0.00   0.00   0.00 
18:11:05    355.022      21.50       2.00      25.61      28.00     763.77     445.56     140.71      66.25      60.93       0.00      0.00  -0.09   0.07   0.07  -0.02  -0.20   0.11   0.34  -0.20  -0.02   0.07   0.07   0.00   0.00 

18:11:05    354.748      21.50       2.00      25.61      28.00     759.18     446.98     140.20      66.78      60.66       0.00      0.00   0.40   0.24   0.02   0.25   0.26  -0.26  -0.02   0.26   0.25   0.02   0.24   0.40   0.00 
18:11:05    352.949      21.50       4.00      25.61      28.00     761.10     446.23     140.21      66.69      60.31       0.00      0.00   0.00   0.00   0.00   0.00   0.00   0.00   0.00   0.00   0.00   0.00   0.00   0.00   0.00 

18:11:05    352.439      21.50       4.00      25.61      28.00     759.93     446.48     139.83      66.64      59.86       0.00      0.00   0.40   0.24   0.00   0.20   0.26  -0.19   0.05   0.26   0.20   0.00   0.24   0.40   0.00 
18:11:05    350.966      21.50       6.00      25.61      28.00     760.10     445.90     140.23      66.69      59.26       0.00      0.00   0.00   0.00   0.00   0.00   0.00   0.00   0.00   0.00   0.00   0.00   0.00   0.00   0.00 

18:11:05    350.507      21.50       6.00      25.61      28.00     759.93     445.97     140.07      66.19      59.16       0.00      0.00   0.15   0.15   0.09   0.14   0.11  -0.06   0.12   0.11   0.14   0.09   0.15   0.15   0.00 
18:11:05    347.853      21.50       8.00      25.61      28.00     758.77     445.39     140.01      66.28      57.28       0.00      0.00   0.00   0.00   0.00   0.00   0.00   0.00   0.00   0.00   0.00   0.00   0.00   0.00   0.00 

18:11:05    347.522      21.50       8.00      25.61      28.00     758.27     445.64     140.37      66.26      57.17       0.00      0.00   0.05   0.17   0.10   0.01   0.00  -0.05   0.13   0.00   0.01   0.10   0.17   0.05   0.00 
18:11:05    345.965      21.50      10.00      25.61      28.00     756.92     445.64     139.98      66.88      55.40       0.00      0.00   0.00   0.00   0.00   0.00   0.00   0.00   0.00   0.00   0.00   0.00   0.00   0.00   0.00 

18:11:05    345.608      21.50      10.00      25.61      28.00     759.43     444.72     140.30      65.73      55.46       0.00      0.00  -0.09   0.07   0.07  -0.02  -0.20   0.11   0.34  -0.20  -0.02   0.07   0.07  -0.09   0.00 
18:11:05    344.018      21.50      12.00      25.61      28.00     757.26     444.82     140.12      66.40      54.69       0.00      0.00  -0.09   0.07   0.07  -0.02  -0.20   0.11   0.34  -0.20  -0.02   0.07   0.07  -0.09   0.00 

18:11:05    343.735      21.50      12.00      25.61      28.00     759.59     443.90     140.19      65.78      54.74       0.00      0.00  -0.07   0.07   0.11  -0.07  -0.39   0.22   0.62  -0.39  -0.07   0.11   0.07  -0.07   0.00 
18:11:05    342.369      21.50      14.00      25.61      28.00     752.51     444.72     139.74      67.20      52.92       0.00      0.00   0.00   0.00   0.00   0.00   0.00   0.00   0.00   0.00   0.00   0.00   0.00   0.00   0.00 

18:11:05    341.763      21.50      14.00      25.61      28.00     759.26     443.06     140.28      65.61      53.21       0.00      0.00  -0.10   0.00   0.11  -0.15  -0.54   0.31   0.86  -0.54  -0.15   0.11   0.00  -0.10   0.00 
18:11:05    341.188      21.50      16.00      25.61      28.00     749.92     444.56     139.39      67.41      50.92       0.00      0.00   0.00   0.00   0.00   0.00   0.00   0.00   0.00   0.00   0.00   0.00   0.00   0.00   0.00 

18:11:05    340.642      21.50      16.00      25.61      28.00     759.01     442.05     140.47      65.50      51.74       0.00      0.00  -0.13   0.00   0.04  -0.22  -0.71   0.38   1.13  -0.71  -0.22   0.04   0.00  -0.13   0.00 
18:11:05    339.875      21.50      18.00      25.61      28.00     747.92     444.31     139.32      67.45      49.05       0.00      0.00   0.00   0.00   0.00   0.00   0.00   0.00   0.00   0.00   0.00   0.00   0.00   0.00   0.00 

18:11:05    339.566      21.50      18.00      25.61      28.00     759.10     441.81     140.46      65.43      50.81       0.00      0.00  -0.15   0.00   0.00  -0.27  -0.86   0.48   1.38  -0.86  -0.27   0.00   0.00  -0.15   0.00 
18:11:05    338.890      21.50      20.00      25.61      28.00     745.75     443.73     138.97      68.18      49.80       0.00      0.00   0.00   0.00   0.00   0.00   0.00   0.00   0.00   0.00   0.00   0.00   0.00   0.00   0.00 

18:11:05    338.529      21.50      20.00      25.61      28.00     760.68     440.39     140.94      64.51      51.44       0.00      0.00  -0.18   0.00  -0.06  -0.31  -0.99   0.59   1.75  -0.99  -0.31  -0.06   0.00  -0.18   0.00 
18:11:05    337.777      21.50      22.00      25.61      28.00     744.50     443.40     139.03      68.19      48.60       0.00      0.00   0.00   0.00   0.00   0.00   0.00   0.00   0.00   0.00   0.00   0.00   0.00   0.00   0.00 

18:11:05    337.448      21.50      22.00      25.61      28.00     759.68     440.73     140.81      64.39      50.73       0.00      0.00  -0.20   0.00  -0.13  -0.34  -1.11   0.68   1.78  -1.11   0.00  -0.01   0.00  -0.20   0.00 
18:11:05    336.589      21.50      24.00      25.61      28.00     743.49     443.64     138.88      68.17      48.26       0.00      0.00   0.00   0.00   0.00   0.00   0.00   0.00   0.00   0.00   0.00   0.00   0.00   0.00   0.00 
18:11:05    336.234      21.50      24.00      25.61      28.00     759.43     440.05     140.62      64.52      50.23       0.00      0.00  -0.21   0.00  -0.14  -0.40  -1.19   0.72   1.92  -1.19  -0.40  -0.14   0.00  -0.21   0.00 
18:11:05    335.262      21.50      26.00      25.61      28.00     742.34     443.47     138.74      68.35      48.06       0.00      0.00   0.00   0.00   0.00   0.00   0.00   0.00   0.00   0.00   0.00   0.00   0.00   0.00   0.00 
18:11:05    334.903      21.50      26.00      25.61      28.00     759.01     439.47     140.78      64.59      50.10       0.00      0.00  -0.22   0.00  -0.15  -0.42  -1.20   0.72   2.01  -1.20  -0.42  -0.15   0.00  -0.22   0.00 

18:11:05    334.217      21.50      28.00      25.61      28.00     742.08     443.23     139.13      68.40      48.30       0.00      0.00   0.00   0.00   0.00   0.00   0.00   0.00   0.00   0.00   0.00   0.00   0.00   0.00   0.00 
18:11:05    333.862      21.50      28.00      25.61      28.00     758.85     439.40     140.97      64.44      50.84       0.00      0.00  -0.23   0.00  -0.15  -0.45  -1.24   0.73   2.02  -1.24  -0.45  -0.15   0.00  -0.23   0.00 

18:11:05    329.565      21.50      -2.00      25.61      28.00     760.02     447.15     140.11      67.33      55.56       0.00      0.00   0.00   0.00   0.00   0.00   0.00   0.00   0.00   0.00   0.00   0.00   0.00   0.00   0.00 
18:11:05    329.237      21.50      -2.00      25.61      28.00     757.09     448.07     139.53      67.47      55.53       0.00      0.00   0.40   0.24   0.02   0.25   0.26  -0.26  -0.05   0.26   0.25   0.02   0.24   0.40   0.00 
18:11:05    328.834      21.50      -4.00      25.61      28.00     759.01     447.06     139.91      67.77      55.80       0.00      0.00   0.00   0.00   0.00   0.00   0.00   0.00   0.00   0.00   0.00   0.00   0.00   0.00   0.00 
18:11:05    328.542      21.50      -4.00      25.61      28.00     758.17     447.39     139.96      67.29      55.75       0.00      0.00   0.40   0.24   0.00   0.20   0.26  -0.19   0.07   0.26   0.20   0.00   0.24   0.40   0.00 
18:11:05    327.930      21.50      -6.00      25.61      28.00     756.10     447.65     140.19      67.92      55.71       0.00      0.00   0.00   0.00   0.00   0.00   0.00  -0.19   0.00   0.00   0.00   0.00   0.00   0.00   0.00 
18:11:05    327.595      21.50      -6.00      25.61      28.00     758.10     446.65     140.18      67.33      55.71       0.00      0.00   0.15   0.15   0.09   0.14   0.11  -0.06   0.14   0.11   0.14   0.09   0.15   0.15   0.00 
18:11:05    327.183      21.50      -8.00      25.61      28.00     756.01     446.48     139.61      67.97      55.59       0.00      0.00   0.00   0.00   0.00   0.00   0.00   0.00   0.00   0.00   0.00   0.00   0.00   0.00   0.00 
18:11:05    326.980      21.50      -8.00      25.61      28.00     757.93     445.64     140.31      67.68      55.66       0.00      0.00   0.05   0.17   0.10   0.01   0.00   0.13   0.20   0.00   0.01   0.10   0.17   0.05   0.00 
18:11:05    326.616      21.50     -10.00      25.61      28.00     754.10     446.07     139.88      68.59      55.45       0.00      0.00   0.00   0.00   0.00   0.00   0.00   0.00   0.00   0.00   0.00   0.00   0.00   0.00   0.00 
18:11:05    326.350      21.50     -10.00      25.61      28.00     758.51     445.39     140.18      68.00      55.59       0.00      0.00  -0.09   0.07   0.07  -0.02  -0.20   0.30   0.34  -0.20  -0.02   0.07   0.07  -0.09   0.00 
18:11:05    325.972      21.50     -12.00      25.61      28.00     752.18     445.49     139.72      68.71      55.27       0.00      0.00   0.00   0.00   0.00   0.00   0.00   0.00   0.00   0.00   0.00   0.00   0.00   0.00   0.00 
18:11:05    325.691      21.50     -12.00      25.61      28.00     758.34     444.48     140.09      67.56      55.50       0.00      0.00  -0.07   0.07   0.11  -0.07  -0.39   0.40   0.62  -0.39  -0.07   0.11   0.07  -0.07   0.00 
18:11:05    325.280      21.50     -14.00      25.61      28.00     749.67     445.49     139.64      69.09      54.76       0.00      0.00   0.00   0.00   0.00   0.00   0.00   0.00   0.00   0.00   0.00   0.00   0.00   0.00   0.00 
18:11:05    324.997      21.50     -14.00      25.61      28.00     758.43     443.30     140.58      67.15      55.11       0.00      0.00  -0.10   0.00   0.11  -0.15  -0.54   0.54   0.86  -0.54  -0.15   0.11   0.00  -0.10   0.00 
18:11:05    324.581      21.50     -16.00      25.61      28.00     747.17     444.82     139.44      69.35      54.16       0.00      0.00   0.00   0.00   0.00   0.00   0.00   0.00   0.00   0.00   0.00   0.00   0.00   0.00   0.00 
18:11:05    324.382      21.50     -16.00      25.61      28.00     758.68     443.15     140.46      66.94      54.84       0.00      0.00  -0.13   0.00   0.04  -0.22  -0.71   0.64   1.13  -0.71  -0.22   0.04   0.00  -0.13   0.00 
18:11:05    323.936      21.50     -18.00      25.61      28.00     745.34     444.65     139.00      69.32      53.45       0.00      0.00   0.00   0.00   0.00   0.00   0.00   0.00   0.00   0.00   0.00   0.00   0.00   0.00   0.00 
18:11:05    323.664      21.50     -18.00      25.61      28.00     759.59     442.14     140.86      66.81      54.32       0.00      0.00  -0.15   0.00   0.00  -0.27  -0.86   0.84   1.38  -0.86  -0.27   0.00   0.00  -0.15   0.00 
18:11:05    322.050      21.50     -20.00      25.61      28.00     744.00     444.65     139.19      69.52      52.37       0.00      0.00   0.00   0.00   0.00   0.00   0.00   0.00   0.00   0.00   0.00   0.00   0.00   0.00   0.00 
18:11:05    321.811      21.50     -20.00      25.61      28.00     758.85     441.06     140.78      66.35      53.38       0.00      0.00  -0.18   0.00  -0.06  -0.31  -0.99   0.83   1.59  -0.99  -0.31  -0.06   0.00  -0.18   0.00 
18:11:05    321.262      21.50     -22.00      25.61      28.00     742.84     443.73     138.67      69.62      51.44       0.00      0.00   0.00   0.00   0.00   0.00   0.00   0.00   0.00   0.00   0.00   0.00   0.00   0.00   0.00 
18:11:05    321.066      21.50     -22.00      25.61      28.00     759.01     440.89     140.21      66.11      52.72       0.00      0.00  -0.20   0.00  -0.13  -0.34  -1.11   0.86   1.78  -1.11  -0.34  -0.01   0.00  -0.20   0.00 
18:11:05    320.567      21.50     -24.00      25.61      28.00     741.91     443.90     138.64      69.67      51.39       0.00      0.00   0.00   0.00   0.00   0.00   0.00   0.00   0.00   0.00   0.00   0.00   0.00   0.00   0.00 
18:11:05    320.304      21.50     -24.00      25.61      28.00     758.94     439.98     140.84      65.79      53.50       0.00      0.00  -0.21   0.00  -0.14  -0.40  -1.19   0.86   1.92  -1.19  -0.40  -0.14   0.00  -0.21   0.00 
18:11:05    319.629      21.50     -25.97      25.61      28.00     741.66     443.56     138.60      69.31      51.94       0.00      0.00   0.00   0.00   0.00   0.00   0.00   0.00   0.00   0.00   0.00   0.00   0.00   0.00   0.00 
18:11:05    319.315      21.50     -26.02      25.61      28.00     758.17     439.72     140.71      65.49      53.24       0.00      0.00  -0.22   0.00  -0.15  -0.42  -1.20   0.72   2.01  -1.20  -0.42  -0.15   0.00  -0.22   0.00 
18:11:05    318.384      21.50     -28.03      25.61      28.00     741.66     443.40     138.77      70.06      50.21       0.00      0.00   0.00   0.00   0.00   0.00   0.00   0.00   0.00   0.00  -0.42   0.00   0.00   0.00   0.00 
18:11:05    318.055      21.50     -28.03      25.61      28.00     758.27     439.55     140.73      65.45      52.21       0.00      0.00  -0.23   0.00  -0.15  -0.45  -1.24   0.73   2.02  -1.24  -0.45  -0.15   0.00  -0.23   0.00 
18:11:05    317.393      21.49     -24.80      25.61      28.00     758.10     440.31     140.69      65.42      51.15       0.00      0.00  -0.23   0.00  -0.15  -0.45  -1.24   0.73   2.02  -1.24  -0.45  -0.15   0.00  -0.23   0.00 
18:11:05    316.711      21.45     -18.83      25.61      28.00     757.85     441.47     140.40      66.81      29.13       0.00      0.00  -0.15   0.00   0.00  -0.27  -0.86   0.84   1.38  -0.86  -0.27   0.00   0.00  -0.15   0.00 
18:11:05    316.124      21.40     -13.71      25.61      28.00     758.34     443.90     140.45      67.61      53.18       0.00      0.00  -0.10   0.00   0.11  -0.15  -0.54   0.54   0.86  -0.54  -0.15   0.11   0.00  -0.10   0.00 
18:11:05    315.663      21.36      -9.64      25.61      28.00     758.17     446.31     140.31      68.25      52.45       0.00      0.00  -0.09   0.07   0.07  -0.02  -0.20   0.30   0.34  -0.20  -0.02   0.07   0.07  -0.09   0.00 
18:11:05    315.145      21.31      -5.13      25.61      28.00     758.01     447.23     139.79      67.63      52.67       0.00      0.00   0.15   0.15   0.09   0.14   0.11  -0.06   0.14   0.11   0.14   0.09   0.15   0.15   0.00 
18:11:05    314.933      21.29      -3.27      25.61      28.00     758.27     448.31     139.92      68.00      53.00       0.00      0.00   0.40   0.24   0.00   0.20   0.26  -0.19   0.07   0.26   0.20   0.00   0.24   0.15   0.00 
18:11:05    314.001      21.27       0.00      25.61      28.00     757.59     448.57     139.93      67.42      53.10       0.00      0.00   0.40   0.24   0.02   0.26   0.27  -0.28  -0.02   0.27   0.26   0.02   0.24   0.40   0.00 
18:11:05    312.993      30.00       0.00      25.61      28.00     757.76     439.64     139.06      61.85      53.75       0.00      0.00   0.40   0.24   0.02   0.26   0.27  -0.28  -0.02   0.27   0.26   0.02   0.24   0.40   0.00 
18:11:05    312.758      30.00       0.00      25.61      28.00     757.35     439.89     139.39      61.61      53.83       0.00      0.00   0.40   0.24   0.02   0.26   0.27  -0.28  -0.02   0.27   0.26   0.02   0.24   0.40   0.00 
