Stare Time: 29-Oct-2019 05:23:11
    Time    Current       EPUg       EPUp        U50        U90         Fx         Fy      SizeX      SizeY     BL11I0  InjectEff      CH11   CH12   CH13   CH14   CH15   CH16   CH17   CH21   CH22   CH23   CH24   CH25   CH26   CH27
05:23:11    360.892      21.50      28.00      23.67      50.00     757.76     439.31     141.72      60.52      61.89       0.00      0.00   0.00   0.00   0.00   0.00   0.00   0.00   0.00   0.00   0.00   0.00   0.00   0.00   0.00 
05:23:16    360.821      21.50      28.00      23.67      50.00     759.01     438.89     141.72      60.52      62.31       0.00     -2.00   0.00   0.00   0.00   0.00   0.00   0.00   0.00   0.00   0.00   0.00   0.00   0.00   0.00 
05:23:21    360.751      21.50      28.00      23.67      50.00     759.26     438.80     141.72      60.52      62.36       0.00     -1.80   0.00   0.00   0.00   0.00   0.00   0.00   0.00   0.00   0.00   0.00   0.00   0.00   0.00 
05:23:27    360.683      21.50      28.00      23.67      50.00     759.43     438.80     141.72      60.52      62.37       0.00     -1.60   0.00   0.00   0.00   0.00   0.00   0.00   0.00   0.00   0.00   0.00   0.00   0.00   0.00 
05:23:32    360.610      21.50      28.00      23.67      50.00     758.77     438.39     141.72      60.52      62.36       0.00     -1.40   0.00   0.00   0.00   0.00   0.00   0.00   0.00   0.00   0.00   0.00   0.00   0.00   0.00 
05:23:37    360.540      21.50      28.00      23.67      50.00     758.60     438.89     141.72      60.52      62.32       0.00     -1.20   0.00   0.00   0.00   0.00   0.00   0.00   0.00   0.00   0.00   0.00   0.00   0.00   0.00 
05:23:42    360.470      21.50      28.00      23.67      50.00     758.68     438.64     141.72      60.52      62.31       0.00     -1.00   0.00   0.00   0.00   0.00   0.00   0.00   0.00   0.00   0.00   0.00   0.00   0.00   0.00 
05:23:47    360.401      21.50      28.00      23.67      50.00     758.34     438.47     141.72      60.52      62.35       0.00     -0.80   0.00   0.00   0.00   0.00   0.00   0.00   0.00   0.00   0.00   0.00   0.00   0.00   0.00 
05:23:52    360.328      21.50      28.00      23.67      50.00     758.34     439.14     141.72      60.52      62.28       0.00     -0.60   0.00   0.00   0.00   0.00   0.00   0.00   0.00   0.00   0.00   0.00   0.00   0.00   0.00 
05:23:57    360.257      21.50      28.00      23.67      50.00     758.17     438.89     141.72      60.52      62.24       0.00     -0.40   0.00   0.00   0.00   0.00   0.00   0.00   0.00   0.00   0.00   0.00   0.00   0.00   0.00 
05:24:03    360.187      21.50      28.00      23.67      50.00     758.27     438.22     141.72      60.52      62.25       0.00     -0.20   0.00   0.00   0.00   0.00   0.00   0.00   0.00   0.00   0.00   0.00   0.00   0.00   0.00 
05:24:08    360.119      21.50      28.00      23.67      50.00     757.93     438.97     141.72      60.52      62.22       0.00      0.00   0.00   0.00   0.00   0.00   0.00   0.00   0.00   0.00   0.00   0.00   0.00   0.00   0.00 
05:24:13    360.048      21.50      28.00      23.67      50.00     757.85     439.31     141.72      60.52      62.22       0.00      0.20   0.00   0.00   0.00   0.00   0.00   0.00   0.00   0.00   0.00   0.00   0.00   0.00   0.00 
05:24:18    359.975      21.50      28.00      23.67      50.00     757.26     439.23     141.72      60.52      62.18       0.00      0.40   0.00   0.00   0.00   0.00   0.00   0.00   0.00   0.00   0.00   0.00   0.00   0.00   0.00 
05:24:23    359.910      21.50      28.00      23.67      50.00     757.35     439.06     141.72      60.52      62.18       0.00      0.60   0.00   0.00   0.00   0.00   0.00   0.00   0.00   0.00   0.00   0.00   0.00   0.00   0.00 
05:24:28    359.840      21.50      28.00      23.67      50.00     757.52     439.14     141.72      60.52      62.10       0.00      0.80   0.00   0.00   0.00   0.00   0.00   0.00   0.00   0.00   0.00   0.00   0.00   0.00   0.00 
05:24:33    359.768      21.50      28.00      23.67      50.00     756.92     439.23     141.72      60.52      62.07       0.00      1.00   0.00   0.00   0.00   0.00   0.00   0.00   0.00   0.00   0.00   0.00   0.00   0.00   0.00 
05:24:39    359.698      21.50      28.00      23.67      50.00     756.68     438.97     141.72      60.52      62.06       0.00      1.20   0.00   0.00   0.00   0.00   0.00   0.00   0.00   0.00   0.00   0.00   0.00   0.00   0.00 
05:24:44    359.630      21.50      28.00      23.67      50.00     756.75     438.80     141.72      60.52      62.01       0.00      1.40   0.00   0.00   0.00   0.00   0.00   0.00   0.00   0.00   0.00   0.00   0.00   0.00   0.00 
05:24:49    359.561      21.50      28.00      23.67      50.00     756.34     439.14     141.72      60.52      62.01       0.00      1.60   0.00   0.00   0.00   0.00   0.00   0.00   0.00   0.00   0.00   0.00   0.00   0.00   0.00 
05:24:54    359.491      21.50      28.00      23.67      50.00     756.60     439.31     141.72      60.52      62.02       0.00      1.80   0.00   0.00   0.00   0.00   0.00   0.00   0.00   0.00   0.00   0.00   0.00   0.00   0.00 
05:24:59    359.421      21.50      28.00      23.67      50.00     755.93     438.64     141.72      60.52      61.98       0.00      2.00   0.00   0.00   0.00   0.00   0.00   0.00   0.00   0.00   0.00   0.00   0.00   0.00   0.00 
05:25:04    359.353      21.50      28.00      23.67      50.00     757.01     439.06     141.72      60.52      62.37       0.00      0.00   0.00   0.00   0.00   0.00   0.00   0.00   0.00   0.00   0.00   0.00   0.00   0.00   0.00 
05:25:09    359.281      21.50      28.00      23.67      50.00     759.26     438.64     141.72      60.52      62.84       0.00      0.00  -2.00   0.00   0.00   0.00   0.00   0.00   0.00   0.00   0.00   0.00   0.00   0.00   0.00 
05:25:15    359.208      21.50      28.00      23.67      50.00     759.26     438.97     141.72      60.52      62.79       0.00      0.00  -1.80   0.00   0.00   0.00   0.00   0.00   0.00   0.00   0.00   0.00   0.00   0.00   0.00 
05:25:20    359.140      21.50      28.00      23.67      50.00     759.26     438.73     141.72      60.52      62.77       0.00      0.00  -1.60   0.00   0.00   0.00   0.00   0.00   0.00   0.00   0.00   0.00   0.00   0.00   0.00 
05:25:25    359.073      21.50      28.00      23.67      50.00     758.85     438.56     141.72      60.52      62.76       0.00      0.00  -1.40   0.00   0.00   0.00   0.00   0.00   0.00   0.00   0.00   0.00   0.00   0.00   0.00 
05:25:30    359.001      21.50      28.00      23.67      50.00     758.85     438.30     141.72      60.52      62.70       0.00      0.00  -1.20   0.00   0.00   0.00   0.00   0.00   0.00   0.00   0.00   0.00   0.00   0.00   0.00 
05:25:35    358.930      21.50      28.00      23.67      50.00     758.60     438.15     141.72      60.52      62.64       0.00      0.00  -1.00   0.00   0.00   0.00   0.00   0.00   0.00   0.00   0.00   0.00   0.00   0.00   0.00 
05:25:40    358.863      21.50      28.00      23.67      50.00     758.60     438.80     141.72      60.52      62.60       0.00      0.00  -0.80   0.00   0.00   0.00   0.00   0.00   0.00   0.00   0.00   0.00   0.00   0.00   0.00 
05:25:45    358.792      21.50      28.00      23.67      50.00     758.34     438.64     141.72      60.52      62.56       0.00      0.00  -0.60   0.00   0.00   0.00   0.00   0.00   0.00   0.00   0.00   0.00   0.00   0.00   0.00 
05:25:50    358.723      21.50      28.00      23.67      50.00     758.17     438.64     141.72      60.52      62.51       0.00      0.00  -0.40   0.00   0.00   0.00   0.00   0.00   0.00   0.00   0.00   0.00   0.00   0.00   0.00 
05:25:56    358.652      21.50      28.00      23.67      50.00     758.10     438.80     141.72      60.52      62.49       0.00      0.00  -0.20   0.00   0.00   0.00   0.00   0.00   0.00   0.00   0.00   0.00   0.00   0.00   0.00 
05:26:01    358.584      21.50      28.00      23.67      50.00     757.43     438.97     141.72      60.52      62.43       0.00      0.00   0.00   0.00   0.00   0.00   0.00   0.00   0.00   0.00   0.00   0.00   0.00   0.00   0.00 
05:26:06    358.514      21.50      28.00      23.67      50.00     757.26     439.14     141.72      60.52      62.39       0.00      0.00   0.20   0.00   0.00   0.00   0.00   0.00   0.00   0.00   0.00   0.00   0.00   0.00   0.00 
05:26:11    358.442      21.50      28.00      23.67      50.00     757.26     438.89     141.72      60.52      62.33       0.00      0.00   0.40   0.00   0.00   0.00   0.00   0.00   0.00   0.00   0.00   0.00   0.00   0.00   0.00 
05:26:16    358.375      21.50      28.00      23.67      50.00     757.09     438.80     141.72      60.52      62.29       0.00      0.00   0.60   0.00   0.00   0.00   0.00   0.00   0.00   0.00   0.00   0.00   0.00   0.00   0.00 
05:26:21    358.305      21.50      28.00      23.67      50.00     756.85     439.23     141.72      60.52      62.29       0.00      0.00   0.80   0.00   0.00   0.00   0.00   0.00   0.00   0.00   0.00   0.00   0.00   0.00   0.00 
05:26:27    358.236      21.50      28.00      23.67      50.00     756.68     438.73     141.72      60.52      62.22       0.00      0.00   1.00   0.00   0.00   0.00   0.00   0.00   0.00   0.00   0.00   0.00   0.00   0.00   0.00 
05:26:32    358.165      21.50      28.00      23.67      50.00     756.85     439.14     141.72      60.52      62.16       0.00      0.00   1.20   0.00   0.00   0.00   0.00   0.00   0.00   0.00   0.00   0.00   0.00   0.00   0.00 
05:26:37    358.098      21.50      28.00      23.67      50.00     756.34     439.31     141.72      60.52      62.08       0.00      0.00   1.40   0.00   0.00   0.00   0.00   0.00   0.00   0.00   0.00   0.00   0.00   0.00   0.00 
05:26:42    358.030      21.50      28.00      23.67      50.00     756.43     439.14     141.72      60.52      62.02       0.00      0.00   1.60   0.00   0.00   0.00   0.00   0.00   0.00   0.00   0.00   0.00   0.00   0.00   0.00 
05:26:47    357.961      21.50      28.00      23.67      50.00     755.76     439.31     141.72      60.52      61.96       0.00      0.00   1.80   0.00   0.00   0.00   0.00   0.00   0.00   0.00   0.00   0.00   0.00   0.00   0.00 
05:26:52    357.893      21.50      28.00      23.67      50.00     755.67     439.47     141.72      60.52      61.86       0.00      0.00   2.00   0.00   0.00   0.00   0.00   0.00   0.00   0.00   0.00   0.00   0.00   0.00   0.00 
05:26:57    357.824      21.50      28.00      23.67      50.00     757.59     439.06     141.72      60.52      62.39       0.00      0.00   0.00   0.00   0.00   0.00   0.00   0.00   0.00   0.00   0.00   0.00   0.00   0.00   0.00 
05:27:02    357.756      21.50      28.00      23.67      50.00     759.76     438.80     141.72      60.52      62.93       0.00      0.00   0.00  -2.00   0.00   0.00   0.00   0.00   0.00   0.00   0.00   0.00   0.00   0.00   0.00 
05:27:08    357.686      21.50      28.00      23.67      50.00     759.59     438.22     141.72      60.52      62.87       0.00      0.00   0.00  -1.80   0.00   0.00   0.00   0.00   0.00   0.00   0.00   0.00   0.00   0.00   0.00 
05:27:13    357.612      21.50      28.00      23.67      50.00     759.68     438.22     141.72      60.52      62.82       0.00      0.00   0.00  -1.60   0.00   0.00   0.00   0.00   0.00   0.00   0.00   0.00   0.00   0.00   0.00 
05:27:18    357.543      21.50      28.00      23.67      50.00     759.35     438.22     141.72      60.52      62.80       0.00      0.00   0.00  -1.40   0.00   0.00   0.00   0.00   0.00   0.00   0.00   0.00   0.00   0.00   0.00 
05:27:23    357.477      21.50      28.00      23.67      50.00     759.26     438.80     141.72      60.52      62.76       0.00      0.00   0.00  -1.20   0.00   0.00   0.00   0.00   0.00   0.00   0.00   0.00   0.00   0.00   0.00 
05:27:28    357.404      21.50      28.00      23.67      50.00     758.60     438.80     141.72      60.52      62.73       0.00      0.00   0.00  -1.00   0.00   0.00   0.00   0.00   0.00   0.00   0.00   0.00   0.00   0.00   0.00 
05:27:33    357.337      21.50      28.00      23.67      50.00     758.51     438.97     141.72      60.52      62.66       0.00      0.00   0.00  -0.80   0.00   0.00   0.00   0.00   0.00   0.00   0.00   0.00   0.00   0.00   0.00 
05:27:38    357.268      21.50      28.00      23.67      50.00     758.60     439.23     141.72      60.52      62.62       0.00      0.00   0.00  -0.60   0.00   0.00   0.00   0.00   0.00   0.00   0.00   0.00   0.00   0.00   0.00 
05:27:44    357.197      21.50      28.00      23.67      50.00     758.34     439.23     141.72      60.52      62.95       0.00      0.00   0.00  -0.40   0.00   0.00   0.00   0.00   0.00   0.00   0.00   0.00   0.00   0.00   0.00 
05:27:49    357.128      21.50      28.00      23.67      50.00     757.93     438.89     141.72      60.52      62.86       0.00      0.00   0.00  -0.20   0.00   0.00   0.00   0.00   0.00   0.00   0.00   0.00   0.00   0.00   0.00 
05:27:54    357.058      21.50      28.00      23.67      50.00     757.93     439.06     141.72      60.52      62.85       0.00      0.00   0.00   0.00   0.00   0.00   0.00   0.00   0.00   0.00   0.00   0.00   0.00   0.00   0.00 
05:27:59    356.989      21.50      28.00      23.67      50.00     757.69     439.06     141.72      60.52      62.85       0.00      0.00   0.00   0.20   0.00   0.00   0.00   0.00   0.00   0.00   0.00   0.00   0.00   0.00   0.00 
05:28:04    356.920      21.50      28.00      23.67      50.00     757.59     439.14     141.72      60.52      62.75       0.00      0.00   0.00   0.40   0.00   0.00   0.00   0.00   0.00   0.00   0.00   0.00   0.00   0.00   0.00 
05:28:09    356.850      21.50      28.00      23.67      50.00     757.09     439.14     141.72      60.52      62.71       0.00      0.00   0.00   0.60   0.00   0.00   0.00   0.00   0.00   0.00   0.00   0.00   0.00   0.00   0.00 
05:28:15    356.781      21.50      28.00      23.67      50.00     757.18     439.14     141.72      60.52      62.66       0.00      0.00   0.00   0.80   0.00   0.00   0.00   0.00   0.00   0.00   0.00   0.00   0.00   0.00   0.00 
05:28:20    356.715      21.50      28.00      23.67      50.00     756.68     439.40     141.72      60.52      62.60       0.00      0.00   0.00   1.00   0.00   0.00   0.00   0.00   0.00   0.00   0.00   0.00   0.00   0.00   0.00 
05:28:25    356.643      21.50      28.00      23.67      50.00     756.51     439.47     141.72      60.52      62.51       0.00      0.00   0.00   1.20   0.00   0.00   0.00   0.00   0.00   0.00   0.00   0.00   0.00   0.00   0.00 
05:28:30    356.574      21.50      28.00      23.67      50.00     755.93     438.97     141.72      60.52      62.41       0.00      0.00   0.00   1.40   0.00   0.00   0.00   0.00   0.00   0.00   0.00   0.00   0.00   0.00   0.00 
05:28:35    356.506      21.50      28.00      23.67      50.00     755.76     439.14     141.72      60.52      62.37       0.00      0.00   0.00   1.60   0.00   0.00   0.00   0.00   0.00   0.00   0.00   0.00   0.00   0.00   0.00 
05:28:40    356.441      21.50      28.00      23.67      50.00     755.43     439.47     141.72      60.52      62.29       0.00      0.00   0.00   1.80   0.00   0.00   0.00   0.00   0.00   0.00   0.00   0.00   0.00   0.00   0.00 
05:28:46    356.373      21.50      28.00      23.67      50.00     755.50     439.23     141.72      60.52      62.17       0.00      0.00   0.00   2.00   0.00   0.00   0.00   0.00   0.00   0.00   0.00   0.00   0.00   0.00   0.00 
05:28:51    356.304      21.50      28.00      23.67      50.00     757.18     439.23     141.72      60.52      62.75       0.00      0.00   0.00   0.00   0.00   0.00   0.00   0.00   0.00   0.00   0.00   0.00   0.00   0.00   0.00 
05:28:56    356.234      21.50      28.00      23.67      50.00     759.35     438.89     141.72      60.52      63.11       0.00      0.00   0.00   0.00  -2.00   0.00   0.00   0.00   0.00   0.00   0.00   0.00   0.00   0.00   0.00 
05:29:01    356.167      21.50      28.00      23.67      50.00     759.52     438.47     141.72      60.52      63.08       0.00      0.00   0.00   0.00  -1.80   0.00   0.00   0.00   0.00   0.00   0.00   0.00   0.00   0.00   0.00 
05:29:06    356.097      21.50      28.00      23.67      50.00     759.26     438.89     141.72      60.52      63.06       0.00      0.00   0.00   0.00  -1.60   0.00   0.00   0.00   0.00   0.00   0.00   0.00   0.00   0.00   0.00 
05:29:11    356.027      21.50      28.00      23.67      50.00     759.01     438.64     141.72      60.52      63.03       0.00      0.00   0.00   0.00  -1.40   0.00   0.00   0.00   0.00   0.00   0.00   0.00   0.00   0.00   0.00 
05:29:16    355.957      21.50      28.00      23.67      50.00     758.77     438.15     141.72      60.52      62.97       0.00      0.00   0.00   0.00  -1.20   0.00   0.00   0.00   0.00   0.00   0.00   0.00   0.00   0.00   0.00 
05:29:22    355.888      21.50      28.00      23.67      50.00     758.17     439.06     141.72      60.52      62.94       0.00      0.00   0.00   0.00  -1.00   0.00   0.00   0.00   0.00   0.00   0.00   0.00   0.00   0.00   0.00 
05:29:27    355.821      21.50      28.00      23.67      50.00     758.17     439.06     141.72      60.52      62.91       0.00      0.00   0.00   0.00  -0.80   0.00   0.00   0.00   0.00   0.00   0.00   0.00   0.00   0.00   0.00 
05:29:32    355.752      21.50      28.00      23.67      50.00     758.34     439.06     141.72      60.52      62.86       0.00      0.00   0.00   0.00  -0.60   0.00   0.00   0.00   0.00   0.00   0.00   0.00   0.00   0.00   0.00 
05:29:37    355.684      21.50      28.00      23.67      50.00     758.34     439.06     141.72      60.52      62.79       0.00      0.00   0.00   0.00  -0.40   0.00   0.00   0.00   0.00   0.00   0.00   0.00   0.00   0.00   0.00 
05:29:42    355.613      21.50      28.00      23.67      50.00     757.85     438.64     141.72      60.52      62.72       0.00      0.00   0.00   0.00  -0.20   0.00   0.00   0.00   0.00   0.00   0.00   0.00   0.00   0.00   0.00 
05:29:47    355.547      21.50      28.00      23.67      50.00     757.18     438.80     141.72      60.52      62.66       0.00      0.00   0.00   0.00   0.00   0.00   0.00   0.00   0.00   0.00   0.00   0.00   0.00   0.00   0.00 
05:29:52    355.479      21.50      28.00      23.67      50.00     757.43     439.06     141.72      60.52      62.58       0.00      0.00   0.00   0.00   0.20   0.00   0.00   0.00   0.00   0.00   0.00   0.00   0.00   0.00   0.00 
05:29:57    355.411      21.50      28.00      23.67      50.00     757.09     438.97     141.72      60.52      62.53       0.00      0.00   0.00   0.00   0.40   0.00   0.00   0.00   0.00   0.00   0.00   0.00   0.00   0.00   0.00 
05:30:03    355.339      21.50      28.00      23.67      50.00     756.92     438.97     141.72      60.52      62.40       0.00      0.00   0.00   0.00   0.60   0.00   0.00   0.00   0.00   0.00   0.00   0.00   0.00   0.00   0.00 
05:30:08    355.275      21.50      28.00      23.67      50.00     756.68     439.06     141.72      60.52      62.39       0.00      0.00   0.00   0.00   0.80   0.00   0.00   0.00   0.00   0.00   0.00   0.00   0.00   0.00   0.00 
05:30:13    355.208      21.50      28.00      23.67      50.00     756.27     439.23     141.72      60.52      62.26       0.00      0.00   0.00   0.00   1.00   0.00   0.00   0.00   0.00   0.00   0.00   0.00   0.00   0.00   0.00 
05:30:18    355.139      21.50      28.00      23.67      50.00     756.51     439.06     141.72      60.52      62.12       0.00      0.00   0.00   0.00   1.20   0.00   0.00   0.00   0.00   0.00   0.00   0.00   0.00   0.00   0.00 
05:30:23    355.073      21.50      28.00      23.67      50.00     755.93     438.97     141.72      60.52      62.08       0.00      0.00   0.00   0.00   1.40   0.00   0.00   0.00   0.00   0.00   0.00   0.00   0.00   0.00   0.00 
05:30:28    355.005      21.50      28.00      23.67      50.00     755.67     439.55     141.72      60.52      61.97       0.00      0.00   0.00   0.00   1.60   0.00   0.00   0.00   0.00   0.00   0.00   0.00   0.00   0.00   0.00 
05:30:34    354.936      21.50      28.00      23.67      50.00     755.76     439.14     141.72      60.52      61.91       0.00      0.00   0.00   0.00   1.80   0.00   0.00   0.00   0.00   0.00   0.00   0.00   0.00   0.00   0.00 
05:30:39    354.871      21.50      28.00      23.67      50.00     755.76     439.23     141.72      60.52      61.77       0.00      0.00   0.00   0.00   2.00   0.00   0.00   0.00   0.00   0.00   0.00   0.00   0.00   0.00   0.00 
05:30:44    354.803      21.50      28.00      23.67      50.00     757.35     439.40     141.72      60.52      62.66       0.00      0.00   0.00   0.00   0.00   0.00   0.00   0.00   0.00   0.00   0.00   0.00   0.00   0.00   0.00 
05:30:49    354.735      21.50      28.00      23.67      50.00     758.27     438.80     141.72      60.52      62.75       0.00      0.00   0.00   0.00   0.00  -2.00   0.00   0.00   0.00   0.00   0.00   0.00   0.00   0.00   0.00 
05:30:54    354.667      21.50      28.00      23.67      50.00     758.51     439.23     141.72      60.52      62.75       0.00      0.00   0.00   0.00   0.00  -1.80   0.00   0.00   0.00   0.00   0.00   0.00   0.00   0.00   0.00 
05:30:59    354.594      21.50      28.00      23.67      50.00     758.27     438.80     141.72      60.52      62.77       0.00      0.00   0.00   0.00   0.00  -1.60   0.00   0.00   0.00   0.00   0.00   0.00   0.00   0.00   0.00 
05:31:04    354.527      21.50      28.00      23.67      50.00     758.34     439.14     141.72      60.52      62.77       0.00      0.00   0.00   0.00   0.00  -1.40   0.00   0.00   0.00   0.00   0.00   0.00   0.00   0.00   0.00 
05:31:09    354.462      21.50      28.00      23.67      50.00     757.93     438.89     141.72      60.52      62.80       0.00      0.00   0.00   0.00   0.00  -1.20   0.00   0.00   0.00   0.00   0.00   0.00   0.00   0.00   0.00 
05:31:15    354.392      21.50      28.00      23.67      50.00     757.93     438.64     141.72      60.52      62.77       0.00      0.00   0.00   0.00   0.00  -1.00   0.00   0.00   0.00   0.00   0.00   0.00   0.00   0.00   0.00 
05:31:20    354.323      21.50      28.00      23.67      50.00     757.69     439.14     141.72      60.52      62.74       0.00      0.00   0.00   0.00   0.00  -0.80   0.00   0.00   0.00   0.00   0.00   0.00   0.00   0.00   0.00 
05:31:25    354.255      21.50      28.00      23.67      50.00     757.93     439.23     141.72      60.52      62.72       0.00      0.00   0.00   0.00   0.00  -0.60   0.00   0.00   0.00   0.00   0.00   0.00   0.00   0.00   0.00 
05:31:30    354.185      21.50      28.00      23.67      50.00     757.69     438.47     141.72      60.52      62.65       0.00      0.00   0.00   0.00   0.00  -0.40   0.00   0.00   0.00   0.00   0.00   0.00   0.00   0.00   0.00 
05:31:35    354.119      21.50      28.00      23.67      50.00     757.43     439.14     141.72      60.52      62.60       0.00      0.00   0.00   0.00   0.00  -0.20   0.00   0.00   0.00   0.00   0.00   0.00   0.00   0.00   0.00 
05:31:40    354.053      21.50      28.00      23.67      50.00     757.52     438.89     141.72      60.52      62.56       0.00      0.00   0.00   0.00   0.00   0.00   0.00   0.00   0.00   0.00   0.00   0.00   0.00   0.00   0.00 
05:31:45    353.985      21.50      28.00      23.67      50.00     757.52     439.31     141.72      60.52      62.41       0.00      0.00   0.00   0.00   0.00   0.20   0.00   0.00   0.00   0.00   0.00   0.00   0.00   0.00   0.00 
05:31:51    353.916      21.50      28.00      23.67      50.00     757.26     438.97     141.72      60.52      62.35       0.00      0.00   0.00   0.00   0.00   0.40   0.00   0.00   0.00   0.00   0.00   0.00   0.00   0.00   0.00 
05:31:56    353.850      21.50      28.00      23.67      50.00     757.76     439.23     141.72      60.52      62.24       0.00      0.00   0.00   0.00   0.00   0.60   0.00   0.00   0.00   0.00   0.00   0.00   0.00   0.00   0.00 
05:32:01    353.780      21.50      28.00      23.67      50.00     757.26     439.06     141.72      60.52      62.12       0.00      0.00   0.00   0.00   0.00   0.80   0.00   0.00   0.00   0.00   0.00   0.00   0.00   0.00   0.00 
05:32:06    353.712      21.50      28.00      23.67      50.00     756.85     439.23     141.72      60.52      61.98       0.00      0.00   0.00   0.00   0.00   1.00   0.00   0.00   0.00   0.00   0.00   0.00   0.00   0.00   0.00 
05:32:11    353.647      21.50      28.00      23.67      50.00     757.18     439.23     141.72      60.52      61.01       0.00      0.00   0.00   0.00   0.00   1.20   0.00   0.00   0.00   0.00   0.00   0.00   0.00   0.00   0.00 
05:32:16    353.576      21.50      28.00      23.67      50.00     756.85     439.40     141.72      60.52      60.81       0.00      0.00   0.00   0.00   0.00   1.40   0.00   0.00   0.00   0.00   0.00   0.00   0.00   0.00   0.00 
05:32:22    353.509      21.50      28.00      23.67      50.00     756.68     439.55     141.72      60.52      60.60       0.00      0.00   0.00   0.00   0.00   1.60   0.00   0.00   0.00   0.00   0.00   0.00   0.00   0.00   0.00 
05:32:27    353.441      21.50      28.00      23.67      50.00     756.85     439.14     141.72      60.52      60.35       0.00      0.00   0.00   0.00   0.00   1.80   0.00   0.00   0.00   0.00   0.00   0.00   0.00   0.00   0.00 
05:32:32    353.372      21.50      28.00      23.67      50.00     756.75     439.40     141.72      60.52      60.06       0.00      0.00   0.00   0.00   0.00   2.00   0.00   0.00   0.00   0.00   0.00   0.00   0.00   0.00   0.00 
05:32:37    353.306      21.50      28.00      23.67      50.00     757.43     438.89     141.72      60.52      61.92       0.00      0.00   0.00   0.00   0.00   0.00   0.00   0.00   0.00   0.00   0.00   0.00   0.00   0.00   0.00 
05:32:42    353.239      21.50      28.00      23.67      50.00     752.34     439.64     141.72      60.52      61.88       0.00      0.00   0.00   0.00   0.00   0.00  -2.00   0.00   0.00   0.00   0.00   0.00   0.00   0.00   0.00 
05:32:48    353.173      21.50      28.00      23.67      50.00     752.51     440.31     141.72      60.52      61.96       0.00      0.00   0.00   0.00   0.00   0.00  -1.80   0.00   0.00   0.00   0.00   0.00   0.00   0.00   0.00 
05:32:53    353.107      21.50      28.00      23.67      50.00     753.17     439.72     141.72      60.52      62.05       0.00      0.00   0.00   0.00   0.00   0.00  -1.60   0.00   0.00   0.00   0.00   0.00   0.00   0.00   0.00 
05:32:58    353.039      21.50      28.00      23.67      50.00     753.67     439.23     141.72      60.52      62.08       0.00      0.00   0.00   0.00   0.00   0.00  -1.40   0.00   0.00   0.00   0.00   0.00   0.00   0.00   0.00 
05:33:03    352.971      21.50      28.00      23.67      50.00     754.34     440.15     141.72      60.52      62.12       0.00      0.00   0.00   0.00   0.00   0.00  -1.20   0.00   0.00   0.00   0.00   0.00   0.00   0.00   0.00 
05:33:08    352.901      21.50      28.00      23.67      50.00     754.92     439.23     141.72      60.52      62.14       0.00      0.00   0.00   0.00   0.00   0.00  -1.00   0.00   0.00   0.00   0.00   0.00   0.00   0.00   0.00 
05:33:13    352.835      21.50      28.00      23.67      50.00     755.09     439.64     141.72      60.52      62.11       0.00      0.00   0.00   0.00   0.00   0.00  -0.80   0.00   0.00   0.00   0.00   0.00   0.00   0.00   0.00 
05:33:19    352.767      21.50      28.00      23.67      50.00     755.76     439.23     141.72      60.52      62.06       0.00      0.00   0.00   0.00   0.00   0.00  -0.60   0.00   0.00   0.00   0.00   0.00   0.00   0.00   0.00 
05:33:24    352.702      21.50      28.00      23.67      50.00     756.10     439.47     141.72      60.52      62.02       0.00      0.00   0.00   0.00   0.00   0.00  -0.40   0.00   0.00   0.00   0.00   0.00   0.00   0.00   0.00 
05:33:29    352.634      21.50      28.00      23.67      50.00     756.60     439.55     141.72      60.52      61.94       0.00      0.00   0.00   0.00   0.00   0.00  -0.20   0.00   0.00   0.00   0.00   0.00   0.00   0.00   0.00 
05:33:34    352.567      21.50      28.00      23.67      50.00     757.26     439.31     141.72      60.52      61.83       0.00      0.00   0.00   0.00   0.00   0.00   0.00   0.00   0.00   0.00   0.00   0.00   0.00   0.00   0.00 
05:33:39    352.502      21.50      28.00      23.67      50.00     757.85     438.80     141.72      60.52      61.66       0.00      0.00   0.00   0.00   0.00   0.00   0.20   0.00   0.00   0.00   0.00   0.00   0.00   0.00   0.00 
05:33:44    352.434      21.50      28.00      23.67      50.00     758.27     438.80     141.72      60.52      61.50       0.00      0.00   0.00   0.00   0.00   0.00   0.40   0.00   0.00   0.00   0.00   0.00   0.00   0.00   0.00 
05:33:49    352.364      21.50      28.00      23.67      50.00     758.68     439.06     141.72      60.52      61.26       0.00      0.00   0.00   0.00   0.00   0.00   0.60   0.00   0.00   0.00   0.00   0.00   0.00   0.00   0.00 
05:33:55    352.296      21.50      28.00      23.67      50.00     759.26     438.64     141.72      60.52      61.05       0.00      0.00   0.00   0.00   0.00   0.00   0.80   0.00   0.00   0.00   0.00   0.00   0.00   0.00   0.00 
05:34:00    352.229      21.50      28.00      23.67      50.00     759.76     438.80     141.72      60.52      60.87       0.00      0.00   0.00   0.00   0.00   0.00   1.00   0.00   0.00   0.00   0.00   0.00   0.00   0.00   0.00 
05:34:05    352.163      21.50      28.00      23.67      50.00     760.68     438.73     141.72      60.52      60.61       0.00      0.00   0.00   0.00   0.00   0.00   1.20   0.00   0.00   0.00   0.00   0.00   0.00   0.00   0.00 
05:34:10    352.096      21.50      28.00      23.67      50.00     761.18     438.06     141.72      60.52      60.27       0.00      0.00   0.00   0.00   0.00   0.00   1.40   0.00   0.00   0.00   0.00   0.00   0.00   0.00   0.00 
05:34:15    352.028      21.50      28.00      23.67      50.00     761.52     438.30     141.72      60.52      59.93       0.00      0.00   0.00   0.00   0.00   0.00   1.60   0.00   0.00   0.00   0.00   0.00   0.00   0.00   0.00 
05:34:20    351.961      21.50      28.00      23.67      50.00     761.93     438.06     141.72      60.52      59.56       0.00      0.00   0.00   0.00   0.00   0.00   1.80   0.00   0.00   0.00   0.00   0.00   0.00   0.00   0.00 
05:34:25    351.895      21.50      28.00      23.67      50.00     762.60     437.89     141.72      60.52      59.16       0.00      0.00   0.00   0.00   0.00   0.00   2.00   0.00   0.00   0.00   0.00   0.00   0.00   0.00   0.00 
05:34:30    351.829      21.50      28.00      23.67      50.00     757.09     439.31     141.72      60.52      61.72       0.00      0.00   0.00   0.00   0.00   0.00   0.00   0.00   0.00   0.00   0.00   0.00   0.00   0.00   0.00 
05:34:36    351.762      21.50      28.00      23.67      50.00     741.83     441.56     141.72      60.52      61.22       0.00      0.00   0.00   0.00   0.00   0.00   0.00  -2.00   0.00   0.00   0.00   0.00   0.00   0.00   0.00 
05:34:41    351.697      21.50      28.00      23.67      50.00     743.08     441.73     141.72      60.52      61.35       0.00      0.00   0.00   0.00   0.00   0.00   0.00  -1.80   0.00   0.00   0.00   0.00   0.00   0.00   0.00 
05:34:46    351.635      21.50      28.00      23.67      50.00     745.08     441.90     141.72      60.52      61.41       0.00      0.00   0.00   0.00   0.00   0.00   0.00  -1.60   0.00   0.00   0.00   0.00   0.00   0.00   0.00 
05:34:51    351.567      21.50      28.00      23.67      50.00     746.91     441.23     141.72      60.52      61.49       0.00      0.00   0.00   0.00   0.00   0.00   0.00  -1.40   0.00   0.00   0.00   0.00   0.00   0.00   0.00 
05:34:56    351.500      21.50      28.00      23.67      50.00     748.26     440.97     141.72      60.52      61.55       0.00      0.00   0.00   0.00   0.00   0.00   0.00  -1.20   0.00   0.00   0.00   0.00   0.00   0.00   0.00 
05:35:01    351.437      21.50      28.00      23.67      50.00     749.75     441.14     141.72      60.52      61.59       0.00      0.00   0.00   0.00   0.00   0.00   0.00  -1.00   0.00   0.00   0.00   0.00   0.00   0.00   0.00 
05:35:06    351.372      21.50      28.00      23.67      50.00     750.93     440.65     141.72      60.52      61.61       0.00      0.00   0.00   0.00   0.00   0.00   0.00  -0.80   0.00   0.00   0.00   0.00   0.00   0.00   0.00 
05:35:12    351.305      21.50      28.00      23.67      50.00     752.59     440.31     141.72      60.52      61.63       0.00      0.00   0.00   0.00   0.00   0.00   0.00  -0.60   0.00   0.00   0.00   0.00   0.00   0.00   0.00 
05:35:17    351.236      21.50      28.00      23.67      50.00     753.67     440.15     141.72      60.52      61.66       0.00      0.00   0.00   0.00   0.00   0.00   0.00  -0.40   0.00   0.00   0.00   0.00   0.00   0.00   0.00 
05:35:22    351.174      21.50      28.00      23.67      50.00     755.76     439.47     141.72      60.52      61.67       0.00      0.00   0.00   0.00   0.00   0.00   0.00  -0.20   0.00   0.00   0.00   0.00   0.00   0.00   0.00 
05:35:27    351.107      21.50      28.00      23.67      50.00     757.43     439.47     141.72      60.52      61.63       0.00      0.00   0.00   0.00   0.00   0.00   0.00   0.00   0.00   0.00   0.00   0.00   0.00   0.00   0.00 
05:35:32    351.039      21.50      28.00      23.67      50.00     759.26     439.06     141.72      60.52      61.59       0.00      0.00   0.00   0.00   0.00   0.00   0.00   0.20   0.00   0.00   0.00   0.00   0.00   0.00   0.00 
05:35:37    350.970      21.50      28.00      23.67      50.00     760.60     438.89     141.72      60.52      61.55       0.00      0.00   0.00   0.00   0.00   0.00   0.00   0.40   0.00   0.00   0.00   0.00   0.00   0.00   0.00 
05:35:42    350.904      21.50      28.00      23.67      50.00     761.76     438.47     141.72      60.52      61.43       0.00      0.00   0.00   0.00   0.00   0.00   0.00   0.60   0.00   0.00   0.00   0.00   0.00   0.00   0.00 
05:35:47    350.835      21.50      28.00      23.67      50.00     763.68     438.30     141.72      60.52      61.37       0.00      0.00   0.00   0.00   0.00   0.00   0.00   0.80   0.00   0.00   0.00   0.00   0.00   0.00   0.00 
05:35:53    350.768      21.50      28.00      23.67      50.00     765.44     437.81     141.72      60.52      61.23       0.00      0.00   0.00   0.00   0.00   0.00   0.00   1.00   0.00   0.00   0.00   0.00   0.00   0.00   0.00 
05:35:58    350.696      21.50      28.00      23.67      50.00     767.02     436.90     141.72      60.52      61.13       0.00      0.00   0.00   0.00   0.00   0.00   0.00   1.20   0.00   0.00   0.00   0.00   0.00   0.00   0.00 
05:36:03    350.629      21.50      28.00      23.67      50.00     768.78     436.64     141.72      60.52      61.00       0.00      0.00   0.00   0.00   0.00   0.00   0.00   1.40   0.00   0.00   0.00   0.00   0.00   0.00   0.00 
05:36:08    350.559      21.50      28.00      23.67      50.00     769.94     436.56     141.72      60.52      60.83       0.00      0.00   0.00   0.00   0.00   0.00   0.00   1.60   0.00   0.00   0.00   0.00   0.00   0.00   0.00 
05:36:13    350.489      21.50      28.00      23.67      50.00     771.28     436.06     141.72      60.52      60.71       0.00      0.00   0.00   0.00   0.00   0.00   0.00   1.80   0.00   0.00   0.00   0.00   0.00   0.00   0.00 
05:36:18    350.417      21.50      28.00      23.67      50.00     773.28     436.13     141.72      60.52      60.54       0.00      0.00   0.00   0.00   0.00   0.00   0.00   2.00   0.00   0.00   0.00   0.00   0.00   0.00   0.00 
05:36:24    350.354      21.50      28.00      23.67      50.00     757.26     439.06     141.72      60.52      61.44       0.00      0.00   0.00   0.00   0.00   0.00   0.00   0.00   0.00   0.00   0.00   0.00   0.00   0.00   0.00 
05:36:29    350.287      21.50      28.00      23.67      50.00     757.43     441.64     141.72      60.52      59.49       0.00      0.00   0.00   0.00   0.00   0.00   0.00   0.00  -2.00   0.00   0.00   0.00   0.00   0.00   0.00 
05:36:34    350.221      21.50      28.00      23.67      50.00     742.41     442.48     141.72      60.52      59.75       0.00      0.00   0.00   0.00   0.00   0.00   0.00   0.00  -1.80   0.00   0.00   0.00   0.00   0.00   0.00 
05:36:39    350.157      21.50      28.00      23.67      50.00     743.92     441.81     141.72      60.52      59.93       0.00      0.00   0.00   0.00   0.00   0.00   0.00   0.00  -1.60   0.00   0.00   0.00   0.00   0.00   0.00 
05:36:44    350.092      21.50      28.00      23.67      50.00     746.26     441.98     141.72      60.52      60.14       0.00      0.00   0.00   0.00   0.00   0.00   0.00   0.00  -1.40   0.00   0.00   0.00   0.00   0.00   0.00 
05:36:49    350.028      21.50      28.00      23.67      50.00     747.34     441.56     141.72      60.52      60.32       0.00      0.00   0.00   0.00   0.00   0.00   0.00   0.00  -1.20   0.00   0.00   0.00   0.00   0.00   0.00 
05:36:54    349.960      21.50      28.00      23.67      50.00     748.93     440.89     141.72      60.52      60.53       0.00      0.00   0.00   0.00   0.00   0.00   0.00   0.00  -1.00   0.00   0.00   0.00   0.00   0.00   0.00 
05:36:59    349.898      21.50      28.00      23.67      50.00     750.83     440.65     141.72      60.52      60.68       0.00      0.00   0.00   0.00   0.00   0.00   0.00   0.00  -0.80   0.00   0.00   0.00   0.00   0.00   0.00 
05:37:05    349.831      21.50      28.00      23.67      50.00     752.01     440.73     141.72      60.52      59.81       0.00      0.00   0.00   0.00   0.00   0.00   0.00   0.00  -0.60   0.00   0.00   0.00   0.00   0.00   0.00 
05:37:10    349.765      21.50      28.00      23.67      50.00     754.10     440.31     141.72      60.52      60.00       0.00      0.00   0.00   0.00   0.00   0.00   0.00   0.00  -0.40   0.00   0.00   0.00   0.00   0.00   0.00 
05:37:15    349.700      21.50      28.00      23.67      50.00     755.67     439.55     141.72      60.52      60.18       0.00      0.00   0.00   0.00   0.00   0.00   0.00   0.00  -0.20   0.00   0.00   0.00   0.00   0.00   0.00 
05:37:20    349.636      21.50      28.00      23.67      50.00     757.01     439.23     141.72      60.52      60.37       0.00      0.00   0.00   0.00   0.00   0.00   0.00   0.00   0.00   0.00   0.00   0.00   0.00   0.00   0.00 
05:37:25    349.567      21.50      28.00      23.67      50.00     758.77     439.06     141.72      60.52      60.53       0.00      0.00   0.00   0.00   0.00   0.00   0.00   0.00   0.20   0.00   0.00   0.00   0.00   0.00   0.00 
05:37:30    349.498      21.50      28.00      23.67      50.00     760.60     438.15     141.72      60.52      60.71       0.00      0.00   0.00   0.00   0.00   0.00   0.00   0.00   0.40   0.00   0.00   0.00   0.00   0.00   0.00 
05:37:36    349.433      21.50      28.00      23.67      50.00     761.85     438.39     141.72      60.52      60.88       0.00      0.00   0.00   0.00   0.00   0.00   0.00   0.00   0.60   0.00   0.00   0.00   0.00   0.00   0.00 
05:37:41    349.365      21.50      28.00      23.67      50.00     764.02     438.39     141.72      60.52      61.05       0.00      0.00   0.00   0.00   0.00   0.00   0.00   0.00   0.80   0.00   0.00   0.00   0.00   0.00   0.00 
05:37:46    349.297      21.50      28.00      23.67      50.00     765.94     437.48     141.72      60.52      61.16       0.00      0.00   0.00   0.00   0.00   0.00   0.00   0.00   1.00   0.00   0.00   0.00   0.00   0.00   0.00 
05:37:51    349.228      21.50      28.00      23.67      50.00     767.02     437.05     141.72      60.52      61.28       0.00      0.00   0.00   0.00   0.00   0.00   0.00   0.00   1.20   0.00   0.00   0.00   0.00   0.00   0.00 
05:37:56    349.159      21.50      28.00      23.67      50.00     769.02     436.97     141.72      60.52      61.44       0.00      0.00   0.00   0.00   0.00   0.00   0.00   0.00   1.40   0.00   0.00   0.00   0.00   0.00   0.00 
05:38:01    349.088      21.50      28.00      23.67      50.00     770.52     436.73     141.72      60.52      61.54       0.00      0.00   0.00   0.00   0.00   0.00   0.00   0.00   1.60   0.00   0.00   0.00   0.00   0.00   0.00 
05:38:06    349.019      21.50      28.00      23.67      50.00     772.11     436.30     141.72      60.52      61.69       0.00      0.00   0.00   0.00   0.00   0.00   0.00   0.00   1.80   0.00   0.00   0.00   0.00   0.00   0.00 
05:38:12    348.950      21.50      28.00      23.67      50.00     774.20     435.89     141.72      60.52      61.84       0.00      0.00   0.00   0.00   0.00   0.00   0.00   0.00   2.00   0.00   0.00   0.00   0.00   0.00   0.00 
05:38:17    348.883      21.50      28.00      23.67      50.00     757.18     438.47     141.72      60.52      60.26       0.00      0.00   0.00   0.00   0.00   0.00   0.00   0.00   0.00   0.00   0.00   0.00   0.00   0.00   0.00 
05:38:22    348.819      21.50      28.00      23.67      50.00     751.51     440.48     141.72      60.52      56.74       0.00      0.00   0.00   0.00   0.00   0.00   0.00   0.00   0.00  -2.00   0.00   0.00   0.00   0.00   0.00 
05:38:27    348.753      21.50      28.00      23.67      50.00     752.09     440.48     141.72      60.52      57.19       0.00      0.00   0.00   0.00   0.00   0.00   0.00   0.00   0.00  -1.80   0.00   0.00   0.00   0.00   0.00 
05:38:32    348.690      21.50      28.00      23.67      50.00     752.51     440.48     141.72      60.52      57.59       0.00      0.00   0.00   0.00   0.00   0.00   0.00   0.00   0.00  -1.60   0.00   0.00   0.00   0.00   0.00 
05:38:37    348.625      21.50      28.00      23.67      50.00     753.34     440.15     141.72      60.52      57.93       0.00      0.00   0.00   0.00   0.00   0.00   0.00   0.00   0.00  -1.40   0.00   0.00   0.00   0.00   0.00 
05:38:42    348.560      21.50      28.00      23.67      50.00     753.76     439.81     141.72      60.52      58.35       0.00      0.00   0.00   0.00   0.00   0.00   0.00   0.00   0.00  -1.20   0.00   0.00   0.00   0.00   0.00 
05:38:48    348.494      21.50      28.00      23.67      50.00     754.59     440.15     141.72      60.52      58.71       0.00      0.00   0.00   0.00   0.00   0.00   0.00   0.00   0.00  -1.00   0.00   0.00   0.00   0.00   0.00 
05:38:53    348.431      21.50      28.00      23.67      50.00     754.51     439.31     141.72      60.52      58.99       0.00      0.00   0.00   0.00   0.00   0.00   0.00   0.00   0.00  -0.80   0.00   0.00   0.00   0.00   0.00 
05:38:58    348.367      21.50      28.00      23.67      50.00     755.67     439.31     141.72      60.52      59.28       0.00      0.00   0.00   0.00   0.00   0.00   0.00   0.00   0.00  -0.60   0.00   0.00   0.00   0.00   0.00 
05:39:03    348.300      21.50      28.00      23.67      50.00     755.84     439.55     141.72      60.52      59.60       0.00      0.00   0.00   0.00   0.00   0.00   0.00   0.00   0.00  -0.40   0.00   0.00   0.00   0.00   0.00 
05:39:08    348.235      21.50      28.00      23.67      50.00     756.75     439.31     141.72      60.52      59.83       0.00      0.00   0.00   0.00   0.00   0.00   0.00   0.00   0.00  -0.20   0.00   0.00   0.00   0.00   0.00 
05:39:13    348.173      21.50      28.00      23.67      50.00     757.43     439.55     141.72      60.52      60.09       0.00      0.00   0.00   0.00   0.00   0.00   0.00   0.00   0.00   0.00   0.00   0.00   0.00   0.00   0.00 
05:39:18    348.104      21.50      28.00      23.67      50.00     757.93     439.23     141.72      60.52      60.33       0.00      0.00   0.00   0.00   0.00   0.00   0.00   0.00   0.00   0.20   0.00   0.00   0.00   0.00   0.00 
05:39:23    348.041      21.50      28.00      23.67      50.00     758.43     439.06     141.72      60.52      60.52       0.00      0.00   0.00   0.00   0.00   0.00   0.00   0.00   0.00   0.40   0.00   0.00   0.00   0.00   0.00 
05:39:28    347.973      21.50      28.00      23.67      50.00     758.77     439.06     141.72      60.52      60.68       0.00      0.00   0.00   0.00   0.00   0.00   0.00   0.00   0.00   0.60   0.00   0.00   0.00   0.00   0.00 
05:39:34    347.906      21.50      28.00      23.67      50.00     759.93     438.39     141.72      60.52      60.84       0.00      0.00   0.00   0.00   0.00   0.00   0.00   0.00   0.00   0.80   0.00   0.00   0.00   0.00   0.00 
05:39:39    347.839      21.50      28.00      23.67      50.00     760.43     438.80     141.72      60.52      60.95       0.00      0.00   0.00   0.00   0.00   0.00   0.00   0.00   0.00   1.00   0.00   0.00   0.00   0.00   0.00 
05:39:44    347.771      21.50      28.00      23.67      50.00     760.60     438.56     141.72      60.52      61.07       0.00      0.00   0.00   0.00   0.00   0.00   0.00   0.00   0.00   1.20   0.00   0.00   0.00   0.00   0.00 
05:39:49    347.704      21.50      28.00      23.67      50.00     761.44     438.22     141.72      60.52      61.16       0.00      0.00   0.00   0.00   0.00   0.00   0.00   0.00   0.00   1.40   0.00   0.00   0.00   0.00   0.00 
05:39:54    347.639      21.50      28.00      23.67      50.00     762.02     438.30     141.72      60.52      61.26       0.00      0.00   0.00   0.00   0.00   0.00   0.00   0.00   0.00   1.60   0.00   0.00   0.00   0.00   0.00 
05:39:59    347.569      21.50      28.00      23.67      50.00     762.69     438.15     141.72      60.52      61.32       0.00      0.00   0.00   0.00   0.00   0.00   0.00   0.00   0.00   1.80   0.00   0.00   0.00   0.00   0.00 
05:40:04    347.500      21.50      28.00      23.67      50.00     763.18     438.22     141.72      60.52      61.35       0.00      0.00   0.00   0.00   0.00   0.00   0.00   0.00   0.00   2.00   0.00   0.00   0.00   0.00   0.00 
05:40:09    347.440      21.50      28.00      23.67      50.00     757.18     438.97     141.72      60.52      60.00       0.00      0.00   0.00   0.00   0.00   0.00   0.00   0.00   0.00   0.00   0.00   0.00   0.00   0.00   0.00 
05:40:15    347.374      21.50      28.00      23.67      50.00     757.85     438.89     141.72      60.52      58.22       0.00      0.00   0.00   0.00   0.00   0.00   0.00   0.00   0.00   0.00  -2.00   0.00   0.00   0.00   0.00 
05:40:20    347.308      21.50      28.00      23.67      50.00     757.93     439.06     141.72      60.52      58.39       0.00      0.00   0.00   0.00   0.00   0.00   0.00   0.00   0.00   0.00  -1.80   0.00   0.00   0.00   0.00 
05:40:25    347.242      21.50      28.00      23.67      50.00     757.76     439.23     141.72      60.52      58.55       0.00      0.00   0.00   0.00   0.00   0.00   0.00   0.00   0.00   0.00  -1.60   0.00   0.00   0.00   0.00 
05:40:30    347.178      21.50      28.00      23.67      50.00     758.01     439.31     141.72      60.52      58.80       0.00      0.00   0.00   0.00   0.00   0.00   0.00   0.00   0.00   0.00  -1.40   0.00   0.00   0.00   0.00 
05:40:35    347.115      21.50      28.00      23.67      50.00     757.85     439.14     141.72      60.52      58.93       0.00      0.00   0.00   0.00   0.00   0.00   0.00   0.00   0.00   0.00  -1.20   0.00   0.00   0.00   0.00 
05:40:40    347.049      21.50      28.00      23.67      50.00     757.52     438.97     141.72      60.52      59.11       0.00      0.00   0.00   0.00   0.00   0.00   0.00   0.00   0.00   0.00  -1.00   0.00   0.00   0.00   0.00 
05:40:46    346.985      21.50      28.00      23.67      50.00     757.69     439.31     141.72      60.52      59.21       0.00      0.00   0.00   0.00   0.00   0.00   0.00   0.00   0.00   0.00  -0.80   0.00   0.00   0.00   0.00 
05:40:51    346.922      21.50      28.00      23.67      50.00     757.59     439.47     141.72      60.52      59.37       0.00      0.00   0.00   0.00   0.00   0.00   0.00   0.00   0.00   0.00  -0.60   0.00   0.00   0.00   0.00 
05:40:56    346.854      21.50      28.00      23.67      50.00     757.18     439.06     141.72      60.52      59.56       0.00      0.00   0.00   0.00   0.00   0.00   0.00   0.00   0.00   0.00  -0.40   0.00   0.00   0.00   0.00 
05:41:01    346.787      21.50      28.00      23.67      50.00     757.52     439.40     141.72      60.52      59.68       0.00      0.00   0.00   0.00   0.00   0.00   0.00   0.00   0.00   0.00  -0.20   0.00   0.00   0.00   0.00 
05:41:06    346.723      21.50      28.00      23.67      50.00     757.26     439.06     141.72      60.52      59.83       0.00      0.00   0.00   0.00   0.00   0.00   0.00   0.00   0.00   0.00   0.00   0.00   0.00   0.00   0.00 
05:41:11    346.661      21.50      28.00      23.67      50.00     757.09     438.97     141.72      60.52      59.97       0.00      0.00   0.00   0.00   0.00   0.00   0.00   0.00   0.00   0.00   0.20   0.00   0.00   0.00   0.00 
05:41:16    346.594      21.50      28.00      23.67      50.00     756.85     439.14     141.72      60.52      60.02       0.00      0.00   0.00   0.00   0.00   0.00   0.00   0.00   0.00   0.00   0.40   0.00   0.00   0.00   0.00 
05:41:22    346.530      21.50      28.00      23.67      50.00     757.09     439.31     141.72      60.52      60.18       0.00      0.00   0.00   0.00   0.00   0.00   0.00   0.00   0.00   0.00   0.60   0.00   0.00   0.00   0.00 
05:41:27    346.466      21.50      28.00      23.67      50.00     757.26     439.23     141.72      60.52      60.25       0.00      0.00   0.00   0.00   0.00   0.00   0.00   0.00   0.00   0.00   0.80   0.00   0.00   0.00   0.00 
05:41:32    346.400      21.50      28.00      23.67      50.00     757.26     439.72     141.72      60.52      60.36       0.00      0.00   0.00   0.00   0.00   0.00   0.00   0.00   0.00   0.00   1.00   0.00   0.00   0.00   0.00 
05:41:37    346.333      21.50      28.00      23.67      50.00     756.92     439.47     141.72      60.52      60.42       0.00      0.00   0.00   0.00   0.00   0.00   0.00   0.00   0.00   0.00   1.20   0.00   0.00   0.00   0.00 
05:41:42    346.268      21.50      28.00      23.67      50.00     756.75     439.31     141.72      60.52      60.47       0.00      0.00   0.00   0.00   0.00   0.00   0.00   0.00   0.00   0.00   1.40   0.00   0.00   0.00   0.00 
05:41:47    346.202      21.50      28.00      23.67      50.00     756.68     439.31     141.72      60.52      60.76       0.00      0.00   0.00   0.00   0.00   0.00   0.00   0.00   0.00   0.00   1.60   0.00   0.00   0.00   0.00 
05:41:52    346.136      21.50      28.00      23.67      50.00     756.51     438.89     141.72      60.52      60.77       0.00      0.00   0.00   0.00   0.00   0.00   0.00   0.00   0.00   0.00   1.80   0.00   0.00   0.00   0.00 
05:41:58    346.072      21.50      28.00      23.67      50.00     756.60     439.55     141.72      60.52      60.80       0.00      0.00   0.00   0.00   0.00   0.00   0.00   0.00   0.00   0.00   2.00   0.00   0.00   0.00   0.00 
05:42:03    346.008      21.50      28.00      23.67      50.00     756.92     439.31     141.72      60.52      60.05       0.00      0.00   0.00   0.00   0.00   0.00   0.00   0.00   0.00   0.00   0.00   0.00   0.00   0.00   0.00 
05:42:08    345.944      21.50      28.00      23.67      50.00     759.68     439.06     141.72      60.52      59.48       0.00      0.00   0.00   0.00   0.00   0.00   0.00   0.00   0.00   0.00   0.00  -2.00   0.00   0.00   0.00 
05:42:13    345.877      21.50      28.00      23.67      50.00     759.35     438.80     141.72      60.52      59.54       0.00      0.00   0.00   0.00   0.00   0.00   0.00   0.00   0.00   0.00   0.00  -1.80   0.00   0.00   0.00 
05:42:18    345.811      21.50      28.00      23.67      50.00     759.35     438.80     141.72      60.52      59.61       0.00      0.00   0.00   0.00   0.00   0.00   0.00   0.00   0.00   0.00   0.00  -1.60   0.00   0.00   0.00 
05:42:23    345.744      21.50      28.00      23.67      50.00     759.01     438.64     141.72      60.52      59.65       0.00      0.00   0.00   0.00   0.00   0.00   0.00   0.00   0.00   0.00   0.00  -1.40   0.00   0.00   0.00 
05:42:29    345.676      21.50      28.00      23.67      50.00     758.60     439.23     141.72      60.52      59.72       0.00      0.00   0.00   0.00   0.00   0.00   0.00   0.00   0.00   0.00   0.00  -1.20   0.00   0.00   0.00 
05:42:34    345.613      21.50      28.00      23.67      50.00     758.34     439.31     141.72      60.52      59.73       0.00      0.00   0.00   0.00   0.00   0.00   0.00   0.00   0.00   0.00   0.00  -1.00   0.00   0.00   0.00 
05:42:39    345.546      21.50      28.00      23.67      50.00     758.43     439.47     141.72      60.52      59.86       0.00      0.00   0.00   0.00   0.00   0.00   0.00   0.00   0.00   0.00   0.00  -0.80   0.00   0.00   0.00 
05:42:44    345.484      21.50      28.00      23.67      50.00     758.43     439.06     141.72      60.52      59.90       0.00      0.00   0.00   0.00   0.00   0.00   0.00   0.00   0.00   0.00   0.00  -0.60   0.00   0.00   0.00 
05:42:49    345.418      21.50      28.00      23.67      50.00     757.76     439.06     141.72      60.52      59.97       0.00      0.00   0.00   0.00   0.00   0.00   0.00   0.00   0.00   0.00   0.00  -0.40   0.00   0.00   0.00 
05:42:54    345.354      21.50      28.00      23.67      50.00     757.69     439.55     141.72      60.52      59.97       0.00      0.00   0.00   0.00   0.00   0.00   0.00   0.00   0.00   0.00   0.00  -0.20   0.00   0.00   0.00 
05:42:59    345.289      21.50      28.00      23.67      50.00     757.76     438.97     141.72      60.52      60.01       0.00      0.00   0.00   0.00   0.00   0.00   0.00   0.00   0.00   0.00   0.00   0.00   0.00   0.00   0.00 
05:43:05    345.224      21.50      28.00      23.67      50.00     757.09     439.64     141.72      60.52      59.98       0.00      0.00   0.00   0.00   0.00   0.00   0.00   0.00   0.00   0.00   0.00   0.20   0.00   0.00   0.00 
05:43:10    345.159      21.50      28.00      23.67      50.00     757.01     439.31     141.72      60.52      60.05       0.00      0.00   0.00   0.00   0.00   0.00   0.00   0.00   0.00   0.00   0.00   0.40   0.00   0.00   0.00 
05:43:15    345.096      21.50      28.00      23.67      50.00     756.43     439.55     141.72      60.52      60.08       0.00      0.00   0.00   0.00   0.00   0.00   0.00   0.00   0.00   0.00   0.00   0.60   0.00   0.00   0.00 
05:43:20    345.033      21.50      28.00      23.67      50.00     756.51     439.47     141.72      60.52      60.09       0.00      0.00   0.00   0.00   0.00   0.00   0.00   0.00   0.00   0.00   0.00   0.80   0.00   0.00   0.00 
05:43:25    344.971      21.50      28.00      23.67      50.00     756.51     439.47     141.72      60.52      60.10       0.00      0.00   0.00   0.00   0.00   0.00   0.00   0.00   0.00   0.00   0.00   1.00   0.00   0.00   0.00 
05:43:30    344.904      21.50      28.00      23.67      50.00     755.93     439.23     141.72      60.52      60.13       0.00      0.00   0.00   0.00   0.00   0.00   0.00   0.00   0.00   0.00   0.00   1.20   0.00   0.00   0.00 
05:43:36    344.839      21.50      28.00      23.67      50.00     755.50     439.55     141.72      60.52      60.15       0.00      0.00   0.00   0.00   0.00   0.00   0.00   0.00   0.00   0.00   0.00   1.40   0.00   0.00   0.00 
05:43:41    344.777      21.50      28.00      23.67      50.00     755.67     439.55     141.72      60.52      60.14       0.00      0.00   0.00   0.00   0.00   0.00   0.00   0.00   0.00   0.00   0.00   1.60   0.00   0.00   0.00 
05:43:46    344.713      21.50      28.00      23.67      50.00     755.02     439.40     141.72      60.52      60.19       0.00      0.00   0.00   0.00   0.00   0.00   0.00   0.00   0.00   0.00   0.00   1.80   0.00   0.00   0.00 
05:43:51    344.650      21.50      28.00      23.67      50.00     754.92     439.47     141.72      60.52      60.19       0.00      0.00   0.00   0.00   0.00   0.00   0.00   0.00   0.00   0.00   0.00   2.00   0.00   0.00   0.00 
05:43:56    344.587      21.50      28.00      23.67      50.00     757.18     439.55     141.72      60.52      59.83       0.00      0.00   0.00   0.00   0.00   0.00   0.00   0.00   0.00   0.00   0.00   0.00   0.00   0.00   0.00 
05:44:01    344.524      21.50      28.00      23.67      50.00     759.43     439.14     141.72      60.52      59.73       0.00      0.00   0.00   0.00   0.00   0.00   0.00   0.00   0.00   0.00   0.00   0.00  -2.00   0.00   0.00 
05:44:06    344.457      21.50      28.00      23.67      50.00     759.26     439.14     141.72      60.52      59.68       0.00      0.00   0.00   0.00   0.00   0.00   0.00   0.00   0.00   0.00   0.00   0.00  -1.80   0.00   0.00 
05:44:12    344.394      21.50      28.00      23.67      50.00     759.10     438.80     141.72      60.52      59.71       0.00      0.00   0.00   0.00   0.00   0.00   0.00   0.00   0.00   0.00   0.00   0.00  -1.60   0.00   0.00 
05:44:17    344.327      21.50      28.00      23.67      50.00     758.43     439.06     141.72      60.52      59.67       0.00      0.00   0.00   0.00   0.00   0.00   0.00   0.00   0.00   0.00   0.00   0.00  -1.40   0.00   0.00 
05:44:22    344.264      21.50      28.00      23.67      50.00     758.51     439.23     141.72      60.52      59.65       0.00      0.00   0.00   0.00   0.00   0.00   0.00   0.00   0.00   0.00   0.00   0.00  -1.20   0.00   0.00 
05:44:27    344.200      21.50      28.00      23.67      50.00     758.27     438.97     141.72      60.52      59.69       0.00      0.00   0.00   0.00   0.00   0.00   0.00   0.00   0.00   0.00   0.00   0.00  -1.00   0.00   0.00 
05:44:32    344.137      21.50      28.00      23.67      50.00     758.27     438.80     141.72      60.52      59.69       0.00      0.00   0.00   0.00   0.00   0.00   0.00   0.00   0.00   0.00   0.00   0.00  -0.80   0.00   0.00 
05:44:37    344.072      21.50      28.00      23.67      50.00     757.76     439.23     141.72      60.52      59.65       0.00      0.00   0.00   0.00   0.00   0.00   0.00   0.00   0.00   0.00   0.00   0.00  -0.60   0.00   0.00 
05:44:42    344.007      21.50      28.00      23.67      50.00     757.43     439.06     141.72      60.52      59.69       0.00      0.00   0.00   0.00   0.00   0.00   0.00   0.00   0.00   0.00   0.00   0.00  -0.40   0.00   0.00 
05:44:48    343.944      21.50      28.00      23.67      50.00     757.26     438.89     141.72      60.52      59.72       0.00      0.00   0.00   0.00   0.00   0.00   0.00   0.00   0.00   0.00   0.00   0.00  -0.20   0.00   0.00 
05:44:53    343.880      21.50      28.00      23.67      50.00     757.01     439.64     141.72      60.52      59.69       0.00      0.00   0.00   0.00   0.00   0.00   0.00   0.00   0.00   0.00   0.00   0.00   0.00   0.00   0.00 
05:44:58    343.817      21.50      28.00      23.67      50.00     757.18     439.31     141.72      60.52      59.71       0.00      0.00   0.00   0.00   0.00   0.00   0.00   0.00   0.00   0.00   0.00   0.00   0.20   0.00   0.00 
05:45:03    343.751      21.50      28.00      23.67      50.00     756.68     439.64     141.72      60.52      59.68       0.00      0.00   0.00   0.00   0.00   0.00   0.00   0.00   0.00   0.00   0.00   0.00   0.40   0.00   0.00 
05:45:08    343.687      21.50      28.00      23.67      50.00     756.34     439.23     141.72      60.52      59.68       0.00      0.00   0.00   0.00   0.00   0.00   0.00   0.00   0.00   0.00   0.00   0.00   0.60   0.00   0.00 
05:45:13    343.624      21.50      28.00      23.67      50.00     756.17     439.55     141.72      60.52      59.69       0.00      0.00   0.00   0.00   0.00   0.00   0.00   0.00   0.00   0.00   0.00   0.00   0.80   0.00   0.00 
05:45:19    343.562      21.50      28.00      23.67      50.00     756.27     439.23     141.72      60.52      59.68       0.00      0.00   0.00   0.00   0.00   0.00   0.00   0.00   0.00   0.00   0.00   0.00   1.00   0.00   0.00 
05:45:24    343.496      21.50      28.00      23.67      50.00     755.76     439.55     141.72      60.52      59.65       0.00      0.00   0.00   0.00   0.00   0.00   0.00   0.00   0.00   0.00   0.00   0.00   1.20   0.00   0.00 
05:45:29    343.433      21.50      28.00      23.67      50.00     755.67     439.47     141.72      60.52      59.64       0.00      0.00   0.00   0.00   0.00   0.00   0.00   0.00   0.00   0.00   0.00   0.00   1.40   0.00   0.00 
05:45:34    343.375      21.50      28.00      23.67      50.00     755.67     439.55     141.72      60.52      59.65       0.00      0.00   0.00   0.00   0.00   0.00   0.00   0.00   0.00   0.00   0.00   0.00   1.60   0.00   0.00 
05:45:39    343.310      21.50      28.00      23.67      50.00     755.35     439.31     141.72      60.52      59.66       0.00      0.00   0.00   0.00   0.00   0.00   0.00   0.00   0.00   0.00   0.00   0.00   1.80   0.00   0.00 
05:45:44    343.246      21.50      28.00      23.67      50.00     755.35     440.05     141.72      60.52      59.68       0.00      0.00   0.00   0.00   0.00   0.00   0.00   0.00   0.00   0.00   0.00   0.00   2.00   0.00   0.00 
05:45:49    343.183      21.50      28.00      23.67      50.00     756.92     439.40     141.72      60.52      59.60       0.00      0.00   0.00   0.00   0.00   0.00   0.00   0.00   0.00   0.00   0.00   0.00   0.00   0.00   0.00 
05:45:55    343.120      21.50      28.00      23.67      50.00     759.26     439.47     141.72      60.52      59.67       0.00      0.00   0.00   0.00   0.00   0.00   0.00   0.00   0.00   0.00   0.00   0.00   0.00  -2.00   0.00 
05:46:00    343.054      21.50      28.00      23.67      50.00     759.35     438.89     141.72      60.52      59.66       0.00      0.00   0.00   0.00   0.00   0.00   0.00   0.00   0.00   0.00   0.00   0.00   0.00  -1.80   0.00 
05:46:05    342.989      21.50      28.00      23.67      50.00     758.77     438.97     141.72      60.52      59.63       0.00      0.00   0.00   0.00   0.00   0.00   0.00   0.00   0.00   0.00   0.00   0.00   0.00  -1.60   0.00 
05:46:10    342.927      21.50      28.00      23.67      50.00     758.60     439.06     141.72      60.52      59.62       0.00      0.00   0.00   0.00   0.00   0.00   0.00   0.00   0.00   0.00   0.00   0.00   0.00  -1.40   0.00 
05:46:15    342.861      21.50      28.00      23.67      50.00     758.77     438.73     141.72      60.52      59.61       0.00      0.00   0.00   0.00   0.00   0.00   0.00   0.00   0.00   0.00   0.00   0.00   0.00  -1.20   0.00 
05:46:20    342.798      21.50      28.00      23.67      50.00     758.10     439.23     141.72      60.52      59.61       0.00      0.00   0.00   0.00   0.00   0.00   0.00   0.00   0.00   0.00   0.00   0.00   0.00  -1.00   0.00 
05:46:25    342.733      21.50      28.00      23.67      50.00     758.10     439.23     141.72      60.52      59.55       0.00      0.00   0.00   0.00   0.00   0.00   0.00   0.00   0.00   0.00   0.00   0.00   0.00  -0.80   0.00 
05:46:31    342.672      21.50      28.00      23.67      50.00     758.17     439.40     141.72      60.52      59.54       0.00      0.00   0.00   0.00   0.00   0.00   0.00   0.00   0.00   0.00   0.00   0.00   0.00  -0.60   0.00 
05:46:36    342.607      21.50      28.00      23.67      50.00     757.76     439.47     141.72      60.52      59.51       0.00      0.00   0.00   0.00   0.00   0.00   0.00   0.00   0.00   0.00   0.00   0.00   0.00  -0.40   0.00 
05:46:41    342.543      21.50      28.00      23.67      50.00     757.26     439.14     141.72      60.52      59.47       0.00      0.00   0.00   0.00   0.00   0.00   0.00   0.00   0.00   0.00   0.00   0.00   0.00  -0.20   0.00 
05:46:46    342.482      21.50      28.00      23.67      50.00     757.09     439.40     141.72      60.52      60.34       0.00      0.00   0.00   0.00   0.00   0.00   0.00   0.00   0.00   0.00   0.00   0.00   0.00   0.00   0.00 
05:46:51    342.417      21.50      28.00      23.67      50.00     756.85     439.06     141.72      60.52      60.33       0.00      0.00   0.00   0.00   0.00   0.00   0.00   0.00   0.00   0.00   0.00   0.00   0.00   0.20   0.00 
05:46:56    342.357      21.50      28.00      23.67      50.00     756.92     439.47     141.72      60.52      60.32       0.00      0.00   0.00   0.00   0.00   0.00   0.00   0.00   0.00   0.00   0.00   0.00   0.00   0.40   0.00 
05:47:01    342.293      21.50      28.00      23.67      50.00     756.85     439.14     141.72      60.52      60.27       0.00      0.00   0.00   0.00   0.00   0.00   0.00   0.00   0.00   0.00   0.00   0.00   0.00   0.60   0.00 
05:47:06    342.227      21.50      28.00      23.67      50.00     756.68     439.55     141.72      60.52      60.24       0.00      0.00   0.00   0.00   0.00   0.00   0.00   0.00   0.00   0.00   0.00   0.00   0.00   0.80   0.00 
05:47:12    342.168      21.50      28.00      23.67      50.00     756.34     439.55     141.72      60.52      60.25       0.00      0.00   0.00   0.00   0.00   0.00   0.00   0.00   0.00   0.00   0.00   0.00   0.00   1.00   0.00 
05:47:17    342.103      21.50      28.00      23.67      50.00     756.17     439.40     141.72      60.52      60.20       0.00      0.00   0.00   0.00   0.00   0.00   0.00   0.00   0.00   0.00   0.00   0.00   0.00   1.20   0.00 
05:47:22    342.041      21.50      28.00      23.67      50.00     755.84     439.40     141.72      60.52      60.15       0.00      0.00   0.00   0.00   0.00   0.00   0.00   0.00   0.00   0.00   0.00   0.00   0.00   1.40   0.00 
05:47:27    341.979      21.50      28.00      23.67      50.00     755.84     440.15     141.72      60.52      60.15       0.00      0.00   0.00   0.00   0.00   0.00   0.00   0.00   0.00   0.00   0.00   0.00   0.00   1.60   0.00 
05:47:32    341.917      21.50      28.00      23.67      50.00     755.67     439.47     141.72      60.52      60.12       0.00      0.00   0.00   0.00   0.00   0.00   0.00   0.00   0.00   0.00   0.00   0.00   0.00   1.80   0.00 
05:47:37    341.857      21.50      28.00      23.67      50.00     755.26     440.15     141.72      60.52      60.11       0.00      0.00   0.00   0.00   0.00   0.00   0.00   0.00   0.00   0.00   0.00   0.00   0.00   2.00   0.00 
05:47:42    341.792      21.50      28.00      23.67      50.00     756.92     439.40     141.72      60.52      60.14       0.00      0.00   0.00   0.00   0.00   0.00   0.00   0.00   0.00   0.00   0.00   0.00   0.00   0.00   0.00 
05:47:47    341.730      21.50      28.00      23.67      50.00     758.27     438.73     141.72      60.52      60.25       0.00      0.00   0.00   0.00   0.00   0.00   0.00   0.00   0.00   0.00   0.00   0.00   0.00   0.00  -2.00 
05:47:53    341.666      21.50      28.00      23.67      50.00     758.34     439.14     141.72      60.52      60.21       0.00      0.00   0.00   0.00   0.00   0.00   0.00   0.00   0.00   0.00   0.00   0.00   0.00   0.00  -1.80 
05:47:58    341.604      21.50      28.00      23.67      50.00     758.17     439.14     141.72      60.52      60.19       0.00      0.00   0.00   0.00   0.00   0.00   0.00   0.00   0.00   0.00   0.00   0.00   0.00   0.00  -1.60 
05:48:03    341.536      21.50      28.00      23.67      50.00     758.10     438.97     141.72      60.52      60.17       0.00      0.00   0.00   0.00   0.00   0.00   0.00   0.00   0.00   0.00   0.00   0.00   0.00   0.00  -1.40 
05:48:08    341.475      21.50      28.00      23.67      50.00     758.10     439.47     141.72      60.52      60.15       0.00      0.00   0.00   0.00   0.00   0.00   0.00   0.00   0.00   0.00   0.00   0.00   0.00   0.00  -1.20 
05:48:13    341.414      21.50      28.00      23.67      50.00     758.27     439.31     141.72      60.52      60.14       0.00      0.00   0.00   0.00   0.00   0.00   0.00   0.00   0.00   0.00   0.00   0.00   0.00   0.00  -1.00 
05:48:18    341.349      21.50      28.00      23.67      50.00     757.93     439.31     141.72      60.52      60.10       0.00      0.00   0.00   0.00   0.00   0.00   0.00   0.00   0.00   0.00   0.00   0.00   0.00   0.00  -0.80 
05:48:23    341.287      21.50      28.00      23.67      50.00     757.76     439.31     141.72      60.52      60.07       0.00      0.00   0.00   0.00   0.00   0.00   0.00   0.00   0.00   0.00   0.00   0.00   0.00   0.00  -0.60 
05:48:28    341.223      21.50      28.00      23.67      50.00     757.76     439.06     141.72      60.52      60.01       0.00      0.00   0.00   0.00   0.00   0.00   0.00   0.00   0.00   0.00   0.00   0.00   0.00   0.00  -0.40 
05:48:34    341.163      21.50      28.00      23.67      50.00     757.18     439.40     141.72      60.52      60.03       0.00      0.00   0.00   0.00   0.00   0.00   0.00   0.00   0.00   0.00   0.00   0.00   0.00   0.00  -0.20 
05:48:39    341.098      21.50      28.00      23.67      50.00     757.18     439.40     141.72      60.52      59.98       0.00      0.00   0.00   0.00   0.00   0.00   0.00   0.00   0.00   0.00   0.00   0.00   0.00   0.00   0.00 
05:48:44    341.035      21.50      28.00      23.67      50.00     756.85     439.55     141.72      60.52      59.96       0.00      0.00   0.00   0.00   0.00   0.00   0.00   0.00   0.00   0.00   0.00   0.00   0.00   0.00   0.20 
05:48:49    340.976      21.50      28.00      23.67      50.00     757.01     439.31     141.72      60.52      59.96       0.00      0.00   0.00   0.00   0.00   0.00   0.00   0.00   0.00   0.00   0.00   0.00   0.00   0.00   0.40 
05:48:54    340.911      21.50      28.00      23.67      50.00     756.68     439.14     141.72      60.52      59.90       0.00      0.00   0.00   0.00   0.00   0.00   0.00   0.00   0.00   0.00   0.00   0.00   0.00   0.00   0.60 
05:48:59    340.848      21.50      28.00      23.67      50.00     756.68     439.47     141.72      60.52      59.89       0.00      0.00   0.00   0.00   0.00   0.00   0.00   0.00   0.00   0.00   0.00   0.00   0.00   0.00   0.80 
05:49:04    340.787      21.50      28.00      23.67      50.00     756.43     439.40     141.72      60.52      59.85       0.00      0.00   0.00   0.00   0.00   0.00   0.00   0.00   0.00   0.00   0.00   0.00   0.00   0.00   1.00 
05:49:10    340.724      21.50      28.00      23.67      50.00     756.34     439.23     141.72      60.52      59.85       0.00      0.00   0.00   0.00   0.00   0.00   0.00   0.00   0.00   0.00   0.00   0.00   0.00   0.00   1.20 
05:49:15    340.664      21.50      28.00      23.67      50.00     756.27     439.31     141.72      60.52      59.82       0.00      0.00   0.00   0.00   0.00   0.00   0.00   0.00   0.00   0.00   0.00   0.00   0.00   0.00   1.40 
05:49:20    340.598      21.50      28.00      23.67      50.00     755.93     439.40     141.72      60.52      59.77       0.00      0.00   0.00   0.00   0.00   0.00   0.00   0.00   0.00   0.00   0.00   0.00   0.00   0.00   1.60 
05:49:25    340.540      21.50      28.00      23.67      50.00     755.93     439.72     141.72      60.52      59.74       0.00      0.00   0.00   0.00   0.00   0.00   0.00   0.00   0.00   0.00   0.00   0.00   0.00   0.00   1.80 
05:49:30    340.476      21.50      28.00      23.67      50.00     755.76     439.64     141.72      60.52      59.75       0.00      0.00   0.00   0.00   0.00   0.00   0.00   0.00   0.00   0.00   0.00   0.00   0.00   0.00   2.00 
05:49:35    340.415      21.50      28.00      23.67      50.00     757.01     439.55     141.72      60.52      59.83       0.00      0.00   0.00   0.00   0.00   0.00   0.00   0.00   0.00   0.00   0.00   0.00   0.00   0.00   0.00 
05:49:36    340.409      21.50      28.00      23.67      50.00     757.01     439.55     141.72      60.52      59.83       0.00      0.00   0.00   0.00   0.00   0.00   0.00   0.00   0.00   0.00   0.00   0.00   0.00   0.00   0.00 
