Stare Time: 29-Oct-2019 06:25:19
    Time    Current       EPUg       EPUp        U50        U90         Fx         Fy      SizeX      SizeY     BL11I0  InjectEff      CH11   CH12   CH13   CH14   CH15   CH16   CH17   CH21   CH22   CH23   CH24   CH25   CH26   CH27
06:25:19    352.954      25.00       9.90      23.67      50.00     759.59     438.47     141.72      60.52      51.66      31.97      0.00   0.00   0.00   0.00   0.00   0.00   0.00   0.00   0.00   0.00   0.00   0.00   0.00   0.00 
06:25:25    352.889      25.00       9.90      23.67      50.00     760.94     438.22     141.72      60.52      52.57      31.97     -2.00   0.00   0.00   0.00   0.00   0.00   0.00   0.00   0.00   0.00   0.00   0.00   0.00   0.00 
06:25:30    352.821      25.00       9.90      23.67      50.00     760.68     437.98     141.72      60.52      52.51      31.97     -1.80   0.00   0.00   0.00   0.00   0.00   0.00   0.00   0.00   0.00   0.00   0.00   0.00   0.00 
06:25:35    352.758      25.00       9.90      23.67      50.00     760.60     438.06     141.72      60.52      52.42      31.97     -1.60   0.00   0.00   0.00   0.00   0.00   0.00   0.00   0.00   0.00   0.00   0.00   0.00   0.00 
06:25:40    352.689      25.00       9.90      23.67      50.00     760.51     437.89     141.72      60.52      52.36      31.97     -1.40   0.00   0.00   0.00   0.00   0.00   0.00   0.00   0.00   0.00   0.00   0.00   0.00   0.00 
06:25:45    352.622      25.00       9.90      23.67      50.00     760.36     437.81     141.72      60.52      52.23      31.97     -1.20   0.00   0.00   0.00   0.00   0.00   0.00   0.00   0.00   0.00   0.00   0.00   0.00   0.00 
06:25:50    352.559      25.00       9.90      23.67      50.00     760.36     438.30     141.72      60.52      52.02      31.97     -1.00   0.00   0.00   0.00   0.00   0.00   0.00   0.00   0.00   0.00   0.00   0.00   0.00   0.00 
06:25:55    352.494      25.00       9.90      23.67      50.00     759.68     438.06     141.72      60.52      52.02      31.97     -0.80   0.00   0.00   0.00   0.00   0.00   0.00   0.00   0.00   0.00   0.00   0.00   0.00   0.00 
06:26:00    360.395      25.00       9.90      23.67      50.00     603.04     438.30     141.72      60.52      51.97      36.17     -0.60   0.00   0.00   0.00   0.00   0.00   0.00   0.00   0.00   0.00   0.00   0.00   0.00   0.00 
06:26:05    360.324      25.00       9.90      23.67      50.00     759.68     438.30     141.72      60.52      53.03      36.17     -0.40   0.00   0.00   0.00   0.00   0.00   0.00   0.00   0.00   0.00   0.00   0.00   0.00   0.00 
06:26:11    360.257      25.00       9.90      23.67      50.00     759.43     437.89     141.72      60.52      55.17      36.17     -0.20   0.00   0.00   0.00   0.00   0.00   0.00   0.00   0.00   0.00   0.00   0.00   0.00   0.00 
06:26:16    360.190      25.00       9.90      23.67      50.00     759.68     438.47     141.72      60.52      55.07      36.17      0.00   0.00   0.00   0.00   0.00   0.00   0.00   0.00   0.00   0.00   0.00   0.00   0.00   0.00 
06:26:21    360.119      25.00       9.90      23.67      50.00     759.26     437.89     141.72      60.52      54.89      36.17      0.20   0.00   0.00   0.00   0.00   0.00   0.00   0.00   0.00   0.00   0.00   0.00   0.00   0.00 
06:26:26    360.051      25.00       9.90      23.67      50.00     759.01     438.06     141.72      60.52      54.83      36.17      0.40   0.00   0.00   0.00   0.00   0.00   0.00   0.00   0.00   0.00   0.00   0.00   0.00   0.00 
06:26:31    359.979      25.00       9.90      23.67      50.00     759.18     437.89     141.72      60.52      54.71      36.17      0.60   0.00   0.00   0.00   0.00   0.00   0.00   0.00   0.00   0.00   0.00   0.00   0.00   0.00 
06:26:36    359.911      25.00       9.90      23.67      50.00     758.77     438.15     141.72      60.52      54.65      36.17      0.80   0.00   0.00   0.00   0.00   0.00   0.00   0.00   0.00   0.00   0.00   0.00   0.00   0.00 
06:26:41    359.841      25.00       9.90      23.67      50.00     758.43     438.73     141.72      60.52      54.51      36.17      1.00   0.00   0.00   0.00   0.00   0.00   0.00   0.00   0.00   0.00   0.00   0.00   0.00   0.00 
06:26:46    359.772      25.00       9.90      23.67      50.00     758.68     438.22     141.72      60.52      54.47      36.17      1.20   0.00   0.00   0.00   0.00   0.00   0.00   0.00   0.00   0.00   0.00   0.00   0.00   0.00 
06:26:51    359.705      25.00       9.90      23.67      50.00     758.51     438.47     141.72      60.52      54.33      36.17      1.40   0.00   0.00   0.00   0.00   0.00   0.00   0.00   0.00   0.00   0.00   0.00   0.00   0.00 
06:26:57    359.636      25.00       9.90      23.67      50.00     758.17     438.30     141.72      60.52      54.19      36.17      1.60   0.00   0.00   0.00   0.00   0.00   0.00   0.00   0.00   0.00   0.00   0.00   0.00   0.00 
06:27:02    362.213      25.00       9.90      23.67      50.00     758.27     438.30     141.72      60.52      54.60      33.89      1.80   0.00   0.00   0.00   0.00   0.00   0.00   0.00   0.00   0.00   0.00   0.00   0.00   0.00 
06:27:07    362.142      25.00       9.90      23.67      50.00     758.10     438.89     141.72      60.52      54.48      33.89      2.00   0.00   0.00   0.00   0.00   0.00   0.00   0.00   0.00   0.00   0.00   0.00   0.00   0.00 
06:27:12    362.071      25.00       9.90      23.67      50.00     759.52     438.15     141.72      60.52      55.40      33.89      0.00   0.00   0.00   0.00   0.00   0.00   0.00   0.00   0.00   0.00   0.00   0.00   0.00   0.00 
06:27:17    362.005      25.00       9.90      23.67      50.00     761.01     437.81     141.72      60.52      56.65      33.89      0.00  -2.00   0.00   0.00   0.00   0.00   0.00   0.00   0.00   0.00   0.00   0.00   0.00   0.00 
06:27:22    361.933      25.00       9.90      23.67      50.00     761.52     437.81     141.72      60.52      56.52      33.89      0.00  -1.80   0.00   0.00   0.00   0.00   0.00   0.00   0.00   0.00   0.00   0.00   0.00   0.00 
06:27:27    361.865      25.00       9.90      23.67      50.00     761.01     437.55     141.72      60.52      56.41      33.89      0.00  -1.60   0.00   0.00   0.00   0.00   0.00   0.00   0.00   0.00   0.00   0.00   0.00   0.00 
06:27:32    361.793      25.00       9.90      23.67      50.00     760.77     437.81     141.72      60.52      56.37      33.89      0.00  -1.40   0.00   0.00   0.00   0.00   0.00   0.00   0.00   0.00   0.00   0.00   0.00   0.00 
06:27:38    361.724      25.00       9.90      23.67      50.00     760.77     437.81     141.72      60.52      56.18      33.89      0.00  -1.20   0.00   0.00   0.00   0.00   0.00   0.00   0.00   0.00   0.00   0.00   0.00   0.00 
06:27:43    361.656      25.00       9.90      23.67      50.00     760.51     437.89     141.72      60.52      56.04      33.89      0.00  -1.00   0.00   0.00   0.00   0.00   0.00   0.00   0.00   0.00   0.00   0.00   0.00   0.00 
06:27:48    361.586      25.00       9.90      23.67      50.00     760.19     438.22     141.72      60.52      55.87      33.89      0.00  -0.80   0.00   0.00   0.00   0.00   0.00   0.00   0.00   0.00   0.00   0.00   0.00   0.00 
06:27:53    361.516      25.00       9.90      23.67      50.00     760.10     437.89     141.72      60.52      55.80      33.89      0.00  -0.60   0.00   0.00   0.00   0.00   0.00   0.00   0.00   0.00   0.00   0.00   0.00   0.00 
06:27:58    362.000      25.00       9.90      23.67      50.00     760.19     438.39     141.72      60.52      55.76      35.02      0.00  -0.40   0.00   0.00   0.00   0.00   0.00   0.00   0.00   0.00   0.00   0.00   0.00   0.00 
06:28:03    361.932      25.00       9.90      23.67      50.00     759.85     438.15     141.72      60.52      55.75      35.02      0.00  -0.20   0.00   0.00   0.00   0.00   0.00   0.00   0.00   0.00   0.00   0.00   0.00   0.00 
06:28:09    361.862      25.00       9.90      23.67      50.00     759.52     438.22     141.72      60.52      55.09      35.02      0.00   0.00   0.00   0.00   0.00   0.00   0.00   0.00   0.00   0.00   0.00   0.00   0.00   0.00 
06:28:14    361.791      25.00       9.90      23.67      50.00     759.10     438.30     141.72      60.52      54.98      35.02      0.00   0.20   0.00   0.00   0.00   0.00   0.00   0.00   0.00   0.00   0.00   0.00   0.00   0.00 
06:28:19    361.724      25.00       9.90      23.67      50.00     759.52     438.06     141.72      60.52      54.92      35.02      0.00   0.40   0.00   0.00   0.00   0.00   0.00   0.00   0.00   0.00   0.00   0.00   0.00   0.00 
06:28:24    361.653      25.00       9.90      23.67      50.00     759.26     438.30     141.72      60.52      54.81      35.02      0.00   0.60   0.00   0.00   0.00   0.00   0.00   0.00   0.00   0.00   0.00   0.00   0.00   0.00 
06:28:29    361.583      25.00       9.90      23.67      50.00     758.77     438.30     141.72      60.52      54.75      35.02      0.00   0.80   0.00   0.00   0.00   0.00   0.00   0.00   0.00   0.00   0.00   0.00   0.00   0.00 
06:28:34    361.515      25.00       9.90      23.67      50.00     758.77     438.30     141.72      60.52      54.61      35.02      0.00   1.00   0.00   0.00   0.00   0.00   0.00   0.00   0.00   0.00   0.00   0.00   0.00   0.00 
06:28:39    361.444      25.00       9.90      23.67      50.00     758.60     438.47     141.72      60.52      54.62      35.02      0.00   1.20   0.00   0.00   0.00   0.00   0.00   0.00   0.00   0.00   0.00   0.00   0.00   0.00 
06:28:44    361.374      25.00       9.90      23.67      50.00     758.10     438.47     141.72      60.52      54.51      35.02      0.00   1.40   0.00   0.00   0.00   0.00   0.00   0.00   0.00   0.00   0.00   0.00   0.00   0.00 
06:28:50    361.306      25.00       9.90      23.67      50.00     758.10     437.98     141.72      60.52      54.40      35.02      0.00   1.60   0.00   0.00   0.00   0.00   0.00   0.00   0.00   0.00   0.00   0.00   0.00   0.00 
06:28:55    361.236      25.00       9.90      23.67      50.00     758.10     438.73     141.72      60.52      54.22      35.02      0.00   1.80   0.00   0.00   0.00   0.00   0.00   0.00   0.00   0.00   0.00   0.00   0.00   0.00 
06:29:00    362.266      25.00       9.90      23.67      50.00     757.52     438.80     141.72      60.52      54.21      34.28      0.00   2.00   0.00   0.00   0.00   0.00   0.00   0.00   0.00   0.00   0.00   0.00   0.00   0.00 
06:29:05    362.195      25.00       9.90      23.67      50.00     759.68     438.39     141.72      60.52      55.34      34.28      0.00   0.00   0.00   0.00   0.00   0.00   0.00   0.00   0.00   0.00   0.00   0.00   0.00   0.00 
06:29:10    362.124      25.00       9.90      23.67      50.00     761.93     437.89     141.72      60.52      56.99      34.28      0.00   0.00  -2.00   0.00   0.00   0.00   0.00   0.00   0.00   0.00   0.00   0.00   0.00   0.00 
06:29:15    362.055      25.00       9.90      23.67      50.00     761.52     437.48     141.72      60.52      56.78      34.28      0.00   0.00  -1.80   0.00   0.00   0.00   0.00   0.00   0.00   0.00   0.00   0.00   0.00   0.00 
06:29:20    361.984      25.00       9.90      23.67      50.00     761.61     437.64     141.72      60.52      56.58      34.28      0.00   0.00  -1.60   0.00   0.00   0.00   0.00   0.00   0.00   0.00   0.00   0.00   0.00   0.00 
06:29:25    361.917      25.00       9.90      23.67      50.00     761.01     437.89     141.72      60.52      56.47      34.28      0.00   0.00  -1.40   0.00   0.00   0.00   0.00   0.00   0.00   0.00   0.00   0.00   0.00   0.00 
06:29:31    361.846      25.00       9.90      23.67      50.00     760.84     437.72     141.72      60.52      56.29      34.28      0.00   0.00  -1.20   0.00   0.00   0.00   0.00   0.00   0.00   0.00   0.00   0.00   0.00   0.00 
06:29:36    361.772      25.00       9.90      23.67      50.00     760.51     438.06     141.72      60.52      56.06      34.28      0.00   0.00  -1.00   0.00   0.00   0.00   0.00   0.00   0.00   0.00   0.00   0.00   0.00   0.00 
06:29:41    361.705      25.00       9.90      23.67      50.00     760.19     438.22     141.72      60.52      55.92      34.28      0.00   0.00  -0.80   0.00   0.00   0.00   0.00   0.00   0.00   0.00   0.00   0.00   0.00   0.00 
06:29:46    361.635      25.00       9.90      23.67      50.00     760.26     438.30     141.72      60.52      55.79      34.28      0.00   0.00  -0.60   0.00   0.00   0.00   0.00   0.00   0.00   0.00   0.00   0.00   0.00   0.00 
06:29:51    361.566      25.00       9.90      23.67      50.00     760.02     438.06     141.72      60.52      55.62      34.28      0.00   0.00  -0.40   0.00   0.00   0.00   0.00   0.00   0.00   0.00   0.00   0.00   0.00   0.00 
06:29:56    361.496      25.00       9.90      23.67      50.00     759.59     438.39     141.72      60.52      55.49      34.28      0.00   0.00  -0.20   0.00   0.00   0.00   0.00   0.00   0.00   0.00   0.00   0.00   0.00   0.00 
06:30:01    362.479      25.00       9.90      23.67      50.00     759.59     438.22     141.72      60.52      55.46      34.59      0.00   0.00   0.00   0.00   0.00   0.00   0.00   0.00   0.00   0.00   0.00   0.00   0.00   0.00 
06:30:07    362.412      25.00       9.90      23.67      50.00     759.26     437.89     141.72      60.52      55.42      34.59      0.00   0.00   0.20   0.00   0.00   0.00   0.00   0.00   0.00   0.00   0.00   0.00   0.00   0.00 
06:30:12    362.340      25.00       9.90      23.67      50.00     759.18     438.22     141.72      60.52      55.70      34.59      0.00   0.00   0.40   0.00   0.00   0.00   0.00   0.00   0.00   0.00   0.00   0.00   0.00   0.00 
06:30:17    362.270      25.00       9.90      23.67      50.00     758.77     438.22     141.72      60.52      55.58      34.59      0.00   0.00   0.60   0.00   0.00   0.00   0.00   0.00   0.00   0.00   0.00   0.00   0.00   0.00 
06:30:22    362.201      25.00       9.90      23.67      50.00     758.77     438.30     141.72      60.52      55.40      34.59      0.00   0.00   0.80   0.00   0.00   0.00   0.00   0.00   0.00   0.00   0.00   0.00   0.00   0.00 
06:30:27    362.130      25.00       9.90      23.67      50.00     758.10     438.30     141.72      60.52      55.26      34.59      0.00   0.00   1.00   0.00   0.00   0.00   0.00   0.00   0.00   0.00   0.00   0.00   0.00   0.00 
06:30:32    362.059      25.00       9.90      23.67      50.00     758.01     438.80     141.72      60.52      55.06      34.59      0.00   0.00   1.20   0.00   0.00   0.00   0.00   0.00   0.00   0.00   0.00   0.00   0.00   0.00 
06:30:37    361.991      25.00       9.90      23.67      50.00     757.85     437.98     141.72      60.52      54.90      34.59      0.00   0.00   1.40   0.00   0.00   0.00   0.00   0.00   0.00   0.00   0.00   0.00   0.00   0.00 
06:30:42    361.919      25.00       9.90      23.67      50.00     758.01     438.80     141.72      60.52      54.86      34.59      0.00   0.00   1.60   0.00   0.00   0.00   0.00   0.00   0.00   0.00   0.00   0.00   0.00   0.00 
06:30:48    361.852      25.00       9.90      23.67      50.00     757.69     438.06     141.72      60.52      54.61      34.59      0.00   0.00   1.80   0.00   0.00   0.00   0.00   0.00   0.00   0.00   0.00   0.00   0.00   0.00 
06:30:53    361.779      25.00       9.90      23.67      50.00     757.43     438.47     141.72      60.52      54.29      34.59      0.00   0.00   2.00   0.00   0.00   0.00   0.00   0.00   0.00   0.00   0.00   0.00   0.00   0.00 
06:30:58    362.168      25.00       9.90      23.67      50.00     759.68     438.39     141.72      60.52      56.16      34.59      0.00   0.00   0.00   0.00   0.00   0.00   0.00   0.00   0.00   0.00   0.00   0.00   0.00   0.00 
06:31:03    362.099      25.00       9.90      23.67      50.00     761.76     437.98     141.72      60.52      58.46      29.08      0.00   0.00   0.00  -2.00   0.00   0.00   0.00   0.00   0.00   0.00   0.00   0.00   0.00   0.00 
06:31:08    362.027      25.00       9.90      23.67      50.00     761.76     437.55     141.72      60.52      55.82      29.08      0.00   0.00   0.00  -1.80   0.00   0.00   0.00   0.00   0.00   0.00   0.00   0.00   0.00   0.00 
06:31:13    361.956      25.00       9.90      23.67      50.00     760.94     438.15     141.72      60.52      55.64      29.08      0.00   0.00   0.00  -1.60   0.00   0.00   0.00   0.00   0.00   0.00   0.00   0.00   0.00   0.00 
06:31:18    361.886      25.00       9.90      23.67      50.00     760.94     437.98     141.72      60.52      55.31      29.08      0.00   0.00   0.00  -1.40   0.00   0.00   0.00   0.00   0.00   0.00   0.00   0.00   0.00   0.00 
06:31:24    361.816      25.00       9.90      23.67      50.00     760.94     438.15     141.72      60.52      55.14      29.08      0.00   0.00   0.00  -1.20   0.00   0.00   0.00   0.00   0.00   0.00   0.00   0.00   0.00   0.00 
06:31:29    361.749      25.00       9.90      23.67      50.00     760.68     437.89     141.72      60.52      54.90      29.08      0.00   0.00   0.00  -1.00   0.00   0.00   0.00   0.00   0.00   0.00   0.00   0.00   0.00   0.00 
06:31:34    361.678      25.00       9.90      23.67      50.00     760.19     437.64     141.72      60.52      54.61      29.08      0.00   0.00   0.00  -0.80   0.00   0.00   0.00   0.00   0.00   0.00   0.00   0.00   0.00   0.00 
06:31:39    361.610      25.00       9.90      23.67      50.00     760.36     437.81     141.72      60.52      54.47      29.08      0.00   0.00   0.00  -0.60   0.00   0.00   0.00   0.00   0.00   0.00   0.00   0.00   0.00   0.00 
06:31:44    361.542      25.00       9.90      23.67      50.00     760.19     438.39     141.72      60.52      54.12      29.08      0.00   0.00   0.00  -0.40   0.00   0.00   0.00   0.00   0.00   0.00   0.00   0.00   0.00   0.00 
06:31:49    361.471      25.00       9.90      23.67      50.00     759.85     438.15     141.72      60.52      53.93      29.08      0.00   0.00   0.00  -0.20   0.00   0.00   0.00   0.00   0.00   0.00   0.00   0.00   0.00   0.00 
06:31:54    361.400      25.00       9.90      23.67      50.00     759.76     437.98     141.72      60.52      53.52      29.08      0.00   0.00   0.00   0.00   0.00   0.00   0.00   0.00   0.00   0.00   0.00   0.00   0.00   0.00 
06:32:00    362.069      25.00       9.90      23.67      50.00     759.68     438.47     141.72      60.52      53.28      33.90      0.00   0.00   0.00   0.20   0.00   0.00   0.00   0.00   0.00   0.00   0.00   0.00   0.00   0.00 
06:32:05    362.000      25.00       9.90      23.67      50.00     759.26     438.22     141.72      60.52      52.92      33.90      0.00   0.00   0.00   0.40   0.00   0.00   0.00   0.00   0.00   0.00   0.00   0.00   0.00   0.00 
06:32:10    361.930      25.00       9.90      23.67      50.00     758.94     437.98     141.72      60.52      52.57      33.90      0.00   0.00   0.00   0.60   0.00   0.00   0.00   0.00   0.00   0.00   0.00   0.00   0.00   0.00 
06:32:15    361.861      25.00       9.90      23.67      50.00     758.77     438.39     141.72      60.52      52.35      33.90      0.00   0.00   0.00   0.80   0.00   0.00   0.00   0.00   0.00   0.00   0.00   0.00   0.00   0.00 
06:32:20    361.789      25.00       9.90      23.67      50.00     758.17     438.22     141.72      60.52      52.04      33.90      0.00   0.00   0.00   1.00   0.00   0.00   0.00   0.00   0.00   0.00   0.00   0.00   0.00   0.00 
06:32:25    361.718      25.00       9.90      23.67      50.00     758.17     438.64     141.72      60.52      51.73      33.90      0.00   0.00   0.00   1.20   0.00   0.00   0.00   0.00   0.00   0.00   0.00   0.00   0.00   0.00 
06:32:30    361.651      25.00       9.90      23.67      50.00     758.10     438.89     141.72      60.52      51.40      33.90      0.00   0.00   0.00   1.40   0.00   0.00   0.00   0.00   0.00   0.00   0.00   0.00   0.00   0.00 
06:32:35    361.584      25.00       9.90      23.67      50.00     757.93     438.64     141.72      60.52      51.09      33.90      0.00   0.00   0.00   1.60   0.00   0.00   0.00   0.00   0.00   0.00   0.00   0.00   0.00   0.00 
06:32:41    361.516      25.00       9.90      23.67      50.00     757.76     438.64     141.72      60.52      50.86      33.90      0.00   0.00   0.00   1.80   0.00   0.00   0.00   0.00   0.00   0.00   0.00   0.00   0.00   0.00 
06:32:46    361.444      25.00       9.90      23.67      50.00     757.43     438.73     141.72      60.52      50.56      33.90      0.00   0.00   0.00   2.00   0.00   0.00   0.00   0.00   0.00   0.00   0.00   0.00   0.00   0.00 
06:32:51    361.377      25.00       9.90      23.67      50.00     759.52     438.15     141.72      60.52      53.56      33.90      0.00   0.00   0.00   0.00   0.00   0.00   0.00   0.00   0.00   0.00   0.00   0.00   0.00   0.00 
06:32:56    361.308      25.00       9.90      23.67      50.00     760.10     438.30     141.72      60.52      57.14      33.90      0.00   0.00   0.00   0.00  -2.00   0.00   0.00   0.00   0.00   0.00   0.00   0.00   0.00   0.00 
06:33:01    362.469      25.00       9.90      23.67      50.00     760.43     438.22     141.72      60.52      57.09      35.04      0.00   0.00   0.00   0.00  -1.80   0.00   0.00   0.00   0.00   0.00   0.00   0.00   0.00   0.00 
06:33:06    362.396      25.00       9.90      23.67      50.00     760.36     437.98     141.72      60.52      53.99      35.04      0.00   0.00   0.00   0.00  -1.60   0.00   0.00   0.00   0.00   0.00   0.00   0.00   0.00   0.00 
06:33:11    362.326      25.00       9.90      23.67      50.00     760.19     438.06     141.72      60.52      53.63      35.04      0.00   0.00   0.00   0.00  -1.40   0.00   0.00   0.00   0.00   0.00   0.00   0.00   0.00   0.00 
06:33:16    362.255      25.00       9.90      23.67      50.00     760.02     438.06     141.72      60.52      53.24      35.04      0.00   0.00   0.00   0.00  -1.20   0.00   0.00   0.00   0.00   0.00   0.00   0.00   0.00   0.00 
06:33:22    362.185      25.00       9.90      23.67      50.00     760.02     438.06     141.72      60.52      52.78      35.04      0.00   0.00   0.00   0.00  -1.00   0.00   0.00   0.00   0.00   0.00   0.00   0.00   0.00   0.00 
06:33:27    362.114      25.00       9.90      23.67      50.00     759.85     438.06     141.72      60.52      52.40      35.04      0.00   0.00   0.00   0.00  -0.80   0.00   0.00   0.00   0.00   0.00   0.00   0.00   0.00   0.00 
06:33:32    362.045      25.00       9.90      23.67      50.00     759.52     438.06     141.72      60.52      51.89      35.04      0.00   0.00   0.00   0.00  -0.60   0.00   0.00   0.00   0.00   0.00   0.00   0.00   0.00   0.00 
06:33:37    361.975      25.00       9.90      23.67      50.00     759.68     438.30     141.72      60.52      51.42      35.04      0.00   0.00   0.00   0.00  -0.40   0.00   0.00   0.00   0.00   0.00   0.00   0.00   0.00   0.00 
06:33:42    361.905      25.00       9.90      23.67      50.00     759.52     438.22     141.72      60.52      50.89      35.04      0.00   0.00   0.00   0.00  -0.20   0.00   0.00   0.00   0.00   0.00   0.00   0.00   0.00   0.00 
06:33:47    361.833      25.00       9.90      23.67      50.00     759.59     438.39     141.72      60.52      50.52      35.04      0.00   0.00   0.00   0.00   0.00   0.00   0.00   0.00   0.00   0.00   0.00   0.00   0.00   0.00 
06:33:52    361.766      25.00       9.90      23.67      50.00     759.18     438.22     141.72      60.52      50.02      35.04      0.00   0.00   0.00   0.00   0.20   0.00   0.00   0.00   0.00   0.00   0.00   0.00   0.00   0.00 
06:33:57    361.696      25.00       9.90      23.67      50.00     759.43     438.30     141.72      60.52      49.56      35.04      0.00   0.00   0.00   0.00   0.40   0.00   0.00   0.00   0.00   0.00   0.00   0.00   0.00   0.00 
06:34:03    362.018      25.00       9.90      23.67      50.00     759.26     438.22     141.72      60.52      48.99      27.85      0.00   0.00   0.00   0.00   0.60   0.00   0.00   0.00   0.00   0.00   0.00   0.00   0.00   0.00 
06:34:08    361.948      25.00       9.90      23.67      50.00     759.35     438.30     141.72      60.52      48.49      27.85      0.00   0.00   0.00   0.00   0.80   0.00   0.00   0.00   0.00   0.00   0.00   0.00   0.00   0.00 
06:34:13    361.880      25.00       9.90      23.67      50.00     759.43     438.30     141.72      60.52      47.97      27.85      0.00   0.00   0.00   0.00   1.00   0.00   0.00   0.00   0.00   0.00   0.00   0.00   0.00   0.00 
06:34:18    361.812      25.00       9.90      23.67      50.00     758.85     438.22     141.72      60.52      47.45      27.85      0.00   0.00   0.00   0.00   1.20   0.00   0.00   0.00   0.00   0.00   0.00   0.00   0.00   0.00 
06:34:23    361.742      25.00       9.90      23.67      50.00     759.26     438.22     141.72      60.52      46.97      27.85      0.00   0.00   0.00   0.00   1.40   0.00   0.00   0.00   0.00   0.00   0.00   0.00   0.00   0.00 
06:34:28    361.676      25.00       9.90      23.67      50.00     758.68     438.22     141.72      60.52      46.29      27.85      0.00   0.00   0.00   0.00   1.60   0.00   0.00   0.00   0.00   0.00   0.00   0.00   0.00   0.00 
06:34:33    361.607      25.00       9.90      23.67      50.00     758.68     438.80     141.72      60.52      45.91      27.85      0.00   0.00   0.00   0.00   1.80   0.00   0.00   0.00   0.00   0.00   0.00   0.00   0.00   0.00 
06:34:38    361.541      25.00       9.90      23.67      50.00     758.68     438.64     141.72      60.52      45.37      27.85      0.00   0.00   0.00   0.00   2.00   0.00   0.00   0.00   0.00   0.00   0.00   0.00   0.00   0.00 
06:34:44    361.468      25.00       9.90      23.67      50.00     759.43     438.22     141.72      60.52      50.42      27.85      0.00   0.00   0.00   0.00   0.00   0.00   0.00   0.00   0.00   0.00   0.00   0.00   0.00   0.00 
06:34:49    361.399      25.00       9.90      23.67      50.00     754.25     438.97     141.72      60.52      55.89      27.85      0.00   0.00   0.00   0.00   0.00  -2.00   0.00   0.00   0.00   0.00   0.00   0.00   0.00   0.00 
06:34:54    361.330      25.00       9.90      23.67      50.00     754.68     438.80     141.72      60.52      55.51      27.85      0.00   0.00   0.00   0.00   0.00  -1.80   0.00   0.00   0.00   0.00   0.00   0.00   0.00   0.00 
06:34:59    362.021      25.00       9.90      23.67      50.00     755.18     438.89     141.72      60.52      55.04      30.47      0.00   0.00   0.00   0.00   0.00  -1.60   0.00   0.00   0.00   0.00   0.00   0.00   0.00   0.00 
06:35:04    361.950      25.00       9.90      23.67      50.00     755.84     439.14     141.72      60.52      54.70      30.47      0.00   0.00   0.00   0.00   0.00  -1.40   0.00   0.00   0.00   0.00   0.00   0.00   0.00   0.00 
06:35:09    361.882      25.00       9.90      23.67      50.00     756.51     438.22     141.72      60.52      54.22      30.47      0.00   0.00   0.00   0.00   0.00  -1.20   0.00   0.00   0.00   0.00   0.00   0.00   0.00   0.00 
06:35:14    361.813      25.00       9.90      23.67      50.00     756.60     438.73     141.72      60.52      53.69      30.47      0.00   0.00   0.00   0.00   0.00  -1.00   0.00   0.00   0.00   0.00   0.00   0.00   0.00   0.00 
06:35:19    361.740      25.00       9.90      23.67      50.00     757.09     438.89     141.72      60.52      53.20      30.47      0.00   0.00   0.00   0.00   0.00  -0.80   0.00   0.00   0.00   0.00   0.00   0.00   0.00   0.00 
06:35:25    361.672      25.00       9.90      23.67      50.00     757.69     438.64     141.72      60.52      52.56      30.47      0.00   0.00   0.00   0.00   0.00  -0.60   0.00   0.00   0.00   0.00   0.00   0.00   0.00   0.00 
06:35:30    361.601      25.00       9.90      23.67      50.00     758.27     438.64     141.72      60.52      52.03      30.47      0.00   0.00   0.00   0.00   0.00  -0.40   0.00   0.00   0.00   0.00   0.00   0.00   0.00   0.00 
06:35:35    361.531      25.00       9.90      23.67      50.00     758.77     437.98     141.72      60.52      51.43      30.47      0.00   0.00   0.00   0.00   0.00  -0.20   0.00   0.00   0.00   0.00   0.00   0.00   0.00   0.00 
06:35:40    361.461      25.00       9.90      23.67      50.00     759.59     438.39     141.72      60.52      50.81      30.47      0.00   0.00   0.00   0.00   0.00   0.00   0.00   0.00   0.00   0.00   0.00   0.00   0.00   0.00 
06:35:45    361.392      25.00       9.90      23.67      50.00     759.93     437.98     141.72      60.52      50.09      30.47      0.00   0.00   0.00   0.00   0.00   0.20   0.00   0.00   0.00   0.00   0.00   0.00   0.00   0.00 
06:35:50    361.324      25.00       9.90      23.67      50.00     760.26     438.30     141.72      60.52      49.44      30.47      0.00   0.00   0.00   0.00   0.00   0.40   0.00   0.00   0.00   0.00   0.00   0.00   0.00   0.00 
06:35:55    361.258      25.00       9.90      23.67      50.00     761.27     437.89     141.72      60.52      48.67      30.47      0.00   0.00   0.00   0.00   0.00   0.60   0.00   0.00   0.00   0.00   0.00   0.00   0.00   0.00 
06:36:00    362.416      25.00       9.90      23.67      50.00     761.68     437.55     141.72      60.52      48.02      34.76      0.00   0.00   0.00   0.00   0.00   0.80   0.00   0.00   0.00   0.00   0.00   0.00   0.00   0.00 
06:36:06    362.348      25.00       9.90      23.67      50.00     762.02     437.89     141.72      60.52      47.29      34.76      0.00   0.00   0.00   0.00   0.00   1.00   0.00   0.00   0.00   0.00   0.00   0.00   0.00   0.00 
06:36:11    362.279      25.00       9.90      23.67      50.00     762.69     437.64     141.72      60.52      45.42      34.76      0.00   0.00   0.00   0.00   0.00   1.20   0.00   0.00   0.00   0.00   0.00   0.00   0.00   0.00 
06:36:16    362.211      25.00       9.90      23.67      50.00     763.27     437.89     141.72      60.52      44.61      34.76      0.00   0.00   0.00   0.00   0.00   1.40   0.00   0.00   0.00   0.00   0.00   0.00   0.00   0.00 
06:36:21    362.143      25.00       9.90      23.67      50.00     763.61     437.31     141.72      60.52      43.77      34.76      0.00   0.00   0.00   0.00   0.00   1.60   0.00   0.00   0.00   0.00   0.00   0.00   0.00   0.00 
06:36:26    362.072      25.00       9.90      23.67      50.00     764.35     437.14     141.72      60.52      42.84      34.76      0.00   0.00   0.00   0.00   0.00   1.80   0.00   0.00   0.00   0.00   0.00   0.00   0.00   0.00 
06:36:31    362.004      25.00       9.90      23.67      50.00     764.52     437.22     141.72      60.52      42.03      34.76      0.00   0.00   0.00   0.00   0.00   2.00   0.00   0.00   0.00   0.00   0.00   0.00   0.00   0.00 
06:36:36    361.934      25.00       9.90      23.67      50.00     759.68     438.39     141.72      60.52      49.30      34.76      0.00   0.00   0.00   0.00   0.00   0.00   0.00   0.00   0.00   0.00   0.00   0.00   0.00   0.00 
06:36:41    361.870      25.00       9.90      23.67      50.00     743.49     440.89     141.72      60.52      53.10      34.76      0.00   0.00   0.00   0.00   0.00   0.00  -2.00   0.00   0.00   0.00   0.00   0.00   0.00   0.00 
06:36:47    361.800      25.00       9.90      23.67      50.00     745.42     440.97     141.72      60.52      52.88      34.76      0.00   0.00   0.00   0.00   0.00   0.00  -1.80   0.00   0.00   0.00   0.00   0.00   0.00   0.00 
06:36:52    361.734      25.00       9.90      23.67      50.00     747.08     440.48     141.72      60.52      52.59      34.76      0.00   0.00   0.00   0.00   0.00   0.00  -1.60   0.00   0.00   0.00   0.00   0.00   0.00   0.00 
06:36:57    361.665      25.00       9.90      23.67      50.00     748.42     440.89     141.72      60.52      52.36      34.76      0.00   0.00   0.00   0.00   0.00   0.00  -1.40   0.00   0.00   0.00   0.00   0.00   0.00   0.00 
06:37:02    362.093      25.00       9.90      23.67      50.00     749.42     440.56     141.72      60.52      52.00      34.76      0.00   0.00   0.00   0.00   0.00   0.00  -1.20   0.00   0.00   0.00   0.00   0.00   0.00   0.00 
06:37:07    362.026      25.00       9.90      23.67      50.00     751.17     439.64     141.72      60.52      50.80      34.76      0.00   0.00   0.00   0.00   0.00   0.00  -1.00   0.00   0.00   0.00   0.00   0.00   0.00   0.00 
06:37:12    361.956      25.00       9.90      23.67      50.00     753.17     439.55     141.72      60.52      50.42      34.76      0.00   0.00   0.00   0.00   0.00   0.00  -0.80   0.00   0.00   0.00   0.00   0.00   0.00   0.00 
06:37:17    361.886      25.00       9.90      23.67      50.00     754.34     439.23     141.72      60.52      50.08      34.76      0.00   0.00   0.00   0.00   0.00   0.00  -0.60   0.00   0.00   0.00   0.00   0.00   0.00   0.00 
06:37:22    361.815      25.00       9.90      23.67      50.00     756.10     439.23     141.72      60.52      49.69      34.76      0.00   0.00   0.00   0.00   0.00   0.00  -0.40   0.00   0.00   0.00   0.00   0.00   0.00   0.00 
06:37:27    361.747      25.00       9.90      23.67      50.00     757.76     438.73     141.72      60.52      49.15      34.76      0.00   0.00   0.00   0.00   0.00   0.00  -0.20   0.00   0.00   0.00   0.00   0.00   0.00   0.00 
06:37:33    361.678      25.00       9.90      23.67      50.00     759.52     438.15     141.72      60.52      48.74      34.76      0.00   0.00   0.00   0.00   0.00   0.00   0.00   0.00   0.00   0.00   0.00   0.00   0.00   0.00 
06:37:38    361.608      25.00       9.90      23.67      50.00     760.94     437.89     141.72      60.52      48.23      34.76      0.00   0.00   0.00   0.00   0.00   0.00   0.20   0.00   0.00   0.00   0.00   0.00   0.00   0.00 
06:37:43    361.538      25.00       9.90      23.67      50.00     762.77     438.22     141.72      60.52      47.84      34.76      0.00   0.00   0.00   0.00   0.00   0.00   0.40   0.00   0.00   0.00   0.00   0.00   0.00   0.00 
06:37:48    361.468      25.00       9.90      23.67      50.00     764.26     437.72     141.72      60.52      47.40      34.76      0.00   0.00   0.00   0.00   0.00   0.00   0.60   0.00   0.00   0.00   0.00   0.00   0.00   0.00 
06:37:53    361.399      25.00       9.90      23.67      50.00     766.11     437.05     141.72      60.52      47.00      34.76      0.00   0.00   0.00   0.00   0.00   0.00   0.80   0.00   0.00   0.00   0.00   0.00   0.00   0.00 
06:37:58    362.133      25.00       9.90      23.67      50.00     767.36     437.05     141.72      60.52      46.40      34.90      0.00   0.00   0.00   0.00   0.00   0.00   1.00   0.00   0.00   0.00   0.00   0.00   0.00   0.00 
06:38:03    362.062      25.00       9.90      23.67      50.00     769.27     436.39     141.72      60.52      46.07      34.90      0.00   0.00   0.00   0.00   0.00   0.00   1.20   0.00   0.00   0.00   0.00   0.00   0.00   0.00 
06:38:09    361.991      25.00       9.90      23.67      50.00     770.52     435.80     141.72      60.52      44.52      34.90      0.00   0.00   0.00   0.00   0.00   0.00   1.40   0.00   0.00   0.00   0.00   0.00   0.00   0.00 
06:38:14    361.921      25.00       9.90      23.67      50.00     772.27     435.96     141.72      60.52      43.99      34.90      0.00   0.00   0.00   0.00   0.00   0.00   1.60   0.00   0.00   0.00   0.00   0.00   0.00   0.00 
06:38:19    361.846      25.00       9.90      23.67      50.00     773.52     435.14     141.72      60.52      43.45      34.90      0.00   0.00   0.00   0.00   0.00   0.00   1.80   0.00   0.00   0.00   0.00   0.00   0.00   0.00 
06:38:24    361.779      25.00       9.90      23.67      50.00     774.87     434.55     141.72      60.52      42.88      34.90      0.00   0.00   0.00   0.00   0.00   0.00   2.00   0.00   0.00   0.00   0.00   0.00   0.00   0.00 
06:38:29    361.709      25.00       9.90      23.67      50.00     759.52     437.48     141.72      60.52      48.05      34.90      0.00   0.00   0.00   0.00   0.00   0.00   0.00   0.00   0.00   0.00   0.00   0.00   0.00   0.00 
06:38:34    361.640      25.00       9.90      23.67      50.00     743.66     441.64     141.72      60.52      44.17      34.90      0.00   0.00   0.00   0.00   0.00   0.00   0.00  -2.00   0.00   0.00   0.00   0.00   0.00   0.00 
06:38:39    361.574      25.00       9.90      23.67      50.00     744.26     441.14     141.72      60.52      44.52      34.90      0.00   0.00   0.00   0.00   0.00   0.00   0.00  -1.80   0.00   0.00   0.00   0.00   0.00   0.00 
06:38:44    361.505      25.00       9.90      23.67      50.00     746.17     441.06     141.72      60.52      44.96      34.90      0.00   0.00   0.00   0.00   0.00   0.00   0.00  -1.60   0.00   0.00   0.00   0.00   0.00   0.00 
06:38:49    361.440      25.00       9.90      23.67      50.00     748.26     440.80     141.72      60.52      45.35      34.90      0.00   0.00   0.00   0.00   0.00   0.00   0.00  -1.40   0.00   0.00   0.00   0.00   0.00   0.00 
06:38:55    361.371      25.00       9.90      23.67      50.00     749.67     440.56     141.72      60.52      45.89      34.90      0.00   0.00   0.00   0.00   0.00   0.00   0.00  -1.20   0.00   0.00   0.00   0.00   0.00   0.00 
06:39:00    362.300      25.00       9.90      23.67      50.00     750.93     440.31     141.72      60.52      46.58      35.27      0.00   0.00   0.00   0.00   0.00   0.00   0.00  -1.00   0.00   0.00   0.00   0.00   0.00   0.00 
06:39:05    362.230      25.00       9.90      23.67      50.00     752.68     439.31     141.72      60.52      47.63      35.27      0.00   0.00   0.00   0.00   0.00   0.00   0.00  -0.80   0.00   0.00   0.00   0.00   0.00   0.00 
06:39:10    362.162      25.00       9.90      23.67      50.00     754.51     439.23     141.72      60.52      47.89      35.27      0.00   0.00   0.00   0.00   0.00   0.00   0.00  -0.60   0.00   0.00   0.00   0.00   0.00   0.00 
06:39:15    362.090      25.00       9.90      23.67      50.00     755.67     438.97     141.72      60.52      48.41      35.27      0.00   0.00   0.00   0.00   0.00   0.00   0.00  -0.40   0.00   0.00   0.00   0.00   0.00   0.00 
06:39:20    362.023      25.00       9.90      23.67      50.00     758.01     438.30     141.72      60.52      48.82      35.27      0.00   0.00   0.00   0.00   0.00   0.00   0.00  -0.20   0.00   0.00   0.00   0.00   0.00   0.00 
06:39:25    361.954      25.00       9.90      23.67      50.00     759.43     438.06     141.72      60.52      49.20      35.27      0.00   0.00   0.00   0.00   0.00   0.00   0.00   0.00   0.00   0.00   0.00   0.00   0.00   0.00 
06:39:30    361.883      25.00       9.90      23.67      50.00     761.10     438.06     141.72      60.52      49.53      35.27      0.00   0.00   0.00   0.00   0.00   0.00   0.00   0.20   0.00   0.00   0.00   0.00   0.00   0.00 
06:39:36    361.811      25.00       9.90      23.67      50.00     762.77     437.81     141.72      60.52      49.89      35.27      0.00   0.00   0.00   0.00   0.00   0.00   0.00   0.40   0.00   0.00   0.00   0.00   0.00   0.00 
06:39:41    361.744      25.00       9.90      23.67      50.00     764.60     437.89     141.72      60.52      50.28      35.27      0.00   0.00   0.00   0.00   0.00   0.00   0.00   0.60   0.00   0.00   0.00   0.00   0.00   0.00 
06:39:46    361.672      25.00       9.90      23.67      50.00     766.18     437.05     141.72      60.52      50.42      35.27      0.00   0.00   0.00   0.00   0.00   0.00   0.00   0.80   0.00   0.00   0.00   0.00   0.00   0.00 
06:39:51    361.601      25.00       9.90      23.67      50.00     768.02     436.22     141.72      60.52      50.79      35.27      0.00   0.00   0.00   0.00   0.00   0.00   0.00   1.00   0.00   0.00   0.00   0.00   0.00   0.00 
06:39:56    361.531      25.00       9.90      23.67      50.00     769.53     436.47     141.72      60.52      51.21      35.27      0.00   0.00   0.00   0.00   0.00   0.00   0.00   1.20   0.00   0.00   0.00   0.00   0.00   0.00 
06:40:01    362.062      25.00       9.90      23.67      50.00     771.28     435.64     141.72      60.52      51.63      33.76      0.00   0.00   0.00   0.00   0.00   0.00   0.00   1.40   0.00   0.00   0.00   0.00   0.00   0.00 
06:40:06    361.991      25.00       9.90      23.67      50.00     772.61     435.48     141.72      60.52      52.02      33.76      0.00   0.00   0.00   0.00   0.00   0.00   0.00   1.60   0.00   0.00   0.00   0.00   0.00   0.00 
06:40:11    361.921      25.00       9.90      23.67      50.00     774.10     435.05     141.72      60.52      54.42      33.76      0.00   0.00   0.00   0.00   0.00   0.00   0.00   1.80   0.00   0.00   0.00   0.00   0.00   0.00 
06:40:16    361.849      25.00       9.90      23.67      50.00     776.12     434.71     141.72      60.52      54.67      33.76      0.00   0.00   0.00   0.00   0.00   0.00   0.00   2.00   0.00   0.00   0.00   0.00   0.00   0.00 
06:40:22    361.776      25.00       9.90      23.67      50.00     759.85     437.72     141.72      60.52      51.27      33.76      0.00   0.00   0.00   0.00   0.00   0.00   0.00   0.00   0.00   0.00   0.00   0.00   0.00   0.00 
06:40:27    361.709      25.00       9.90      23.67      50.00     753.84     439.31     141.72      60.52      44.77      33.76      0.00   0.00   0.00   0.00   0.00   0.00   0.00   0.00  -2.00   0.00   0.00   0.00   0.00   0.00 
06:40:32    361.642      25.00       9.90      23.67      50.00     754.18     439.31     141.72      60.52      45.36      33.76      0.00   0.00   0.00   0.00   0.00   0.00   0.00   0.00  -1.80   0.00   0.00   0.00   0.00   0.00 
06:40:37    361.574      25.00       9.90      23.67      50.00     755.02     439.06     141.72      60.52      46.10      33.76      0.00   0.00   0.00   0.00   0.00   0.00   0.00   0.00  -1.60   0.00   0.00   0.00   0.00   0.00 
06:40:42    361.505      25.00       9.90      23.67      50.00     755.26     439.14     141.72      60.52      46.68      33.76      0.00   0.00   0.00   0.00   0.00   0.00   0.00   0.00  -1.40   0.00   0.00   0.00   0.00   0.00 
06:40:47    361.433      25.00       9.90      23.67      50.00     755.84     439.23     141.72      60.52      47.39      33.76      0.00   0.00   0.00   0.00   0.00   0.00   0.00   0.00  -1.20   0.00   0.00   0.00   0.00   0.00 
06:40:53    361.365      25.00       9.90      23.67      50.00     756.51     438.97     141.72      60.52      48.03      33.76      0.00   0.00   0.00   0.00   0.00   0.00   0.00   0.00  -1.00   0.00   0.00   0.00   0.00   0.00 
06:40:58    361.296      25.00       9.90      23.67      50.00     757.01     438.73     141.72      60.52      48.63      33.76      0.00   0.00   0.00   0.00   0.00   0.00   0.00   0.00  -0.80   0.00   0.00   0.00   0.00   0.00 
06:41:03    362.254      25.00       9.90      23.67      50.00     757.35     438.73     141.72      60.52      49.34      32.96      0.00   0.00   0.00   0.00   0.00   0.00   0.00   0.00  -0.60   0.00   0.00   0.00   0.00   0.00 
06:41:08    362.185      25.00       9.90      23.67      50.00     758.43     438.39     141.72      60.52      49.99      32.96      0.00   0.00   0.00   0.00   0.00   0.00   0.00   0.00  -0.40   0.00   0.00   0.00   0.00   0.00 
06:41:13    362.116      25.00       9.90      23.67      50.00     758.60     438.47     141.72      60.52      50.54      32.96      0.00   0.00   0.00   0.00   0.00   0.00   0.00   0.00  -0.20   0.00   0.00   0.00   0.00   0.00 
06:41:18    362.048      25.00       9.90      23.67      50.00     759.26     438.22     141.72      60.52      51.16      32.96      0.00   0.00   0.00   0.00   0.00   0.00   0.00   0.00   0.00   0.00   0.00   0.00   0.00   0.00 
06:41:23    361.975      25.00       9.90      23.67      50.00     759.85     438.30     141.72      60.52      51.78      32.96      0.00   0.00   0.00   0.00   0.00   0.00   0.00   0.00   0.20   0.00   0.00   0.00   0.00   0.00 
06:41:28    361.907      25.00       9.90      23.67      50.00     760.60     438.15     141.72      60.52      52.38      32.96      0.00   0.00   0.00   0.00   0.00   0.00   0.00   0.00   0.40   0.00   0.00   0.00   0.00   0.00 
06:41:34    361.839      25.00       9.90      23.67      50.00     761.18     437.89     141.72      60.52      52.94      32.96      0.00   0.00   0.00   0.00   0.00   0.00   0.00   0.00   0.60   0.00   0.00   0.00   0.00   0.00 
06:41:39    361.768      25.00       9.90      23.67      50.00     761.68     437.81     141.72      60.52      53.56      32.96      0.00   0.00   0.00   0.00   0.00   0.00   0.00   0.00   0.80   0.00   0.00   0.00   0.00   0.00 
06:41:44    361.697      25.00       9.90      23.67      50.00     762.35     437.64     141.72      60.52      54.12      32.96      0.00   0.00   0.00   0.00   0.00   0.00   0.00   0.00   1.00   0.00   0.00   0.00   0.00   0.00 
06:41:49    361.625      25.00       9.90      23.67      50.00     762.77     437.72     141.72      60.52      54.69      32.96      0.00   0.00   0.00   0.00   0.00   0.00   0.00   0.00   1.20   0.00   0.00   0.00   0.00   0.00 
06:41:54    361.559      25.00       9.90      23.67      50.00     763.51     436.97     141.72      60.52      55.25      32.96      0.00   0.00   0.00   0.00   0.00   0.00   0.00   0.00   1.40   0.00   0.00   0.00   0.00   0.00 
06:41:59    362.028      25.00       9.90      23.67      50.00     764.19     436.80     141.72      60.52      55.82      32.96      0.00   0.00   0.00   0.00   0.00   0.00   0.00   0.00   1.60   0.00   0.00   0.00   0.00   0.00 
06:42:04    361.957      25.00       9.90      23.67      50.00     764.60     436.80     141.72      60.52      56.26      32.96      0.00   0.00   0.00   0.00   0.00   0.00   0.00   0.00   1.80   0.00   0.00   0.00   0.00   0.00 
06:42:09    361.887      25.00       9.90      23.67      50.00     765.36     436.73     141.72      60.52      58.58      32.96      0.00   0.00   0.00   0.00   0.00   0.00   0.00   0.00   2.00   0.00   0.00   0.00   0.00   0.00 
06:42:14    361.817      25.00       9.90      23.67      50.00     759.68     438.15     141.72      60.52      53.84      32.96      0.00   0.00   0.00   0.00   0.00   0.00   0.00   0.00   0.00   0.00   0.00   0.00   0.00   0.00 
06:42:19    361.749      25.00       9.90      23.67      50.00     760.02     438.06     141.72      60.52      50.20      32.96      0.00   0.00   0.00   0.00   0.00   0.00   0.00   0.00   0.00  -2.00   0.00   0.00   0.00   0.00 
06:42:25    361.677      25.00       9.90      23.67      50.00     760.02     438.15     141.72      60.52      50.54      32.96      0.00   0.00   0.00   0.00   0.00   0.00   0.00   0.00   0.00  -1.80   0.00   0.00   0.00   0.00 
06:42:30    361.607      25.00       9.90      23.67      50.00     759.85     437.89     141.72      60.52      50.88      32.96      0.00   0.00   0.00   0.00   0.00   0.00   0.00   0.00   0.00  -1.60   0.00   0.00   0.00   0.00 
06:42:35    361.540      25.00       9.90      23.67      50.00     759.85     438.06     141.72      60.52      51.27      32.96      0.00   0.00   0.00   0.00   0.00   0.00   0.00   0.00   0.00  -1.40   0.00   0.00   0.00   0.00 
06:42:40    361.472      25.00       9.90      23.67      50.00     759.93     437.81     141.72      60.52      51.81      32.96      0.00   0.00   0.00   0.00   0.00   0.00   0.00   0.00   0.00  -1.20   0.00   0.00   0.00   0.00 
06:42:45    361.402      25.00       9.90      23.67      50.00     760.26     438.30     141.72      60.52      52.20      32.96      0.00   0.00   0.00   0.00   0.00   0.00   0.00   0.00   0.00  -1.00   0.00   0.00   0.00   0.00 
06:42:50    361.330      25.00       9.90      23.67      50.00     759.85     438.39     141.72      60.52       3.68      32.96      0.00   0.00   0.00   0.00   0.00   0.00   0.00   0.00   0.00  -0.80   0.00   0.00   0.00   0.00 
06:42:55    361.263      25.00       9.90      23.67      50.00     759.68     438.39     141.72      60.52      54.62      32.96      0.00   0.00   0.00   0.00   0.00   0.00   0.00   0.00   0.00  -0.60   0.00   0.00   0.00   0.00 
06:43:00    362.160      25.00       9.90      23.67      50.00     759.76     438.22     141.72      60.52      13.24      34.63      0.00   0.00   0.00   0.00   0.00   0.00   0.00   0.00   0.00  -0.40   0.00   0.00   0.00   0.00 
06:43:06    362.092      25.00       9.90      23.67      50.00     759.76     438.06     141.72      60.52       3.13      34.63      0.00   0.00   0.00   0.00   0.00   0.00   0.00   0.00   0.00  -0.20   0.00   0.00   0.00   0.00 
06:43:11    362.023      25.00       9.90      23.67      50.00     759.68     438.22     141.72      60.52      41.48      34.63      0.00   0.00   0.00   0.00   0.00   0.00   0.00   0.00   0.00   0.00   0.00   0.00   0.00   0.00 
06:43:16    361.954      25.00       9.90      23.67      50.00     759.68     438.30     141.72      60.52       3.12      34.63      0.00   0.00   0.00   0.00   0.00   0.00   0.00   0.00   0.00   0.20   0.00   0.00   0.00   0.00 
06:43:21    361.885      25.00       9.90      23.67      50.00     759.68     438.39     141.72      60.52       0.11      34.63      0.00   0.00   0.00   0.00   0.00   0.00   0.00   0.00   0.00   0.40   0.00   0.00   0.00   0.00 
06:43:26    361.815      25.00       9.90      23.67      50.00     759.68     437.64     141.72      60.52      31.61      34.63      0.00   0.00   0.00   0.00   0.00   0.00   0.00   0.00   0.00   0.60   0.00   0.00   0.00   0.00 
06:43:31    361.748      25.00       9.90      23.67      50.00     759.35     437.89     141.72      60.52      62.96      34.63      0.00   0.00   0.00   0.00   0.00   0.00   0.00   0.00   0.00   0.80   0.00   0.00   0.00   0.00 
06:43:36    361.677      25.00       9.90      23.67      50.00     759.52     438.06     141.72      60.52      51.32      34.63      0.00   0.00   0.00   0.00   0.00   0.00   0.00   0.00   0.00   1.00   0.00   0.00   0.00   0.00 
06:43:41    361.609      25.00       9.90      23.67      50.00     759.26     438.15     141.72      60.52      64.55      34.63      0.00   0.00   0.00   0.00   0.00   0.00   0.00   0.00   0.00   1.20   0.00   0.00   0.00   0.00 
06:43:46    361.539      25.00       9.90      23.67      50.00     759.43     437.98     141.72      60.52      64.54      34.63      0.00   0.00   0.00   0.00   0.00   0.00   0.00   0.00   0.00   1.40   0.00   0.00   0.00   0.00 
06:43:52    361.473      25.00       9.90      23.67      50.00     759.43     438.06     141.72      60.52      64.52      34.63      0.00   0.00   0.00   0.00   0.00   0.00   0.00   0.00   0.00   1.60   0.00   0.00   0.00   0.00 
06:43:57    361.402      25.00       9.90      23.67      50.00     759.01     438.06     141.72      60.52      64.50      34.63      0.00   0.00   0.00   0.00   0.00   0.00   0.00   0.00   0.00   1.80   0.00   0.00   0.00   0.00 
06:44:02    362.332      25.00       9.90      23.67      50.00     759.18     438.22     141.72      60.52      64.65      33.98      0.00   0.00   0.00   0.00   0.00   0.00   0.00   0.00   0.00   2.00   0.00   0.00   0.00   0.00 
06:44:07    362.262      25.00       9.90      23.67      50.00     759.68     438.15     141.72      60.52      64.46      33.98      0.00   0.00   0.00   0.00   0.00   0.00   0.00   0.00   0.00   0.00   0.00   0.00   0.00   0.00 
06:44:12    362.194      25.00       9.90      23.67      50.00     761.85     437.64     141.72      60.52      64.14      33.98      0.00   0.00   0.00   0.00   0.00   0.00   0.00   0.00   0.00   0.00  -2.00   0.00   0.00   0.00 
06:44:17    362.121      25.00       9.90      23.67      50.00     762.02     437.72     141.72      60.52      64.15      33.98      0.00   0.00   0.00   0.00   0.00   0.00   0.00   0.00   0.00   0.00  -1.80   0.00   0.00   0.00 
06:44:22    362.052      25.00       9.90      23.67      50.00     761.52     437.64     141.72      60.52      64.18      33.98      0.00   0.00   0.00   0.00   0.00   0.00   0.00   0.00   0.00   0.00  -1.60   0.00   0.00   0.00 
06:44:27    361.982      25.00       9.90      23.67      50.00     761.18     438.15     141.72      60.52      64.22      33.98      0.00   0.00   0.00   0.00   0.00   0.00   0.00   0.00   0.00   0.00  -1.40   0.00   0.00   0.00 
06:44:32    361.912      25.00       9.90      23.67      50.00     761.18     437.89     141.72      60.52      64.22      33.98      0.00   0.00   0.00   0.00   0.00   0.00   0.00   0.00   0.00   0.00  -1.20   0.00   0.00   0.00 
06:44:38    361.842      25.00       9.90      23.67      50.00     760.77     437.98     141.72      60.52      64.25      33.98      0.00   0.00   0.00   0.00   0.00   0.00   0.00   0.00   0.00   0.00  -1.00   0.00   0.00   0.00 
06:44:43    361.775      25.00       9.90      23.67      50.00     760.51     438.30     141.72      60.52      64.23      33.98      0.00   0.00   0.00   0.00   0.00   0.00   0.00   0.00   0.00   0.00  -0.80   0.00   0.00   0.00 
06:44:48    361.706      25.00       9.90      23.67      50.00     760.77     438.22     141.72      60.52      64.23      33.98      0.00   0.00   0.00   0.00   0.00   0.00   0.00   0.00   0.00   0.00  -0.60   0.00   0.00   0.00 
06:44:53    361.636      25.00       9.90      23.67      50.00     760.02     437.89     141.72      60.52      64.23      33.98      0.00   0.00   0.00   0.00   0.00   0.00   0.00   0.00   0.00   0.00  -0.40   0.00   0.00   0.00 
06:44:58    362.166      25.00       9.90      23.67      50.00     760.02     438.30     141.72      60.52      64.24      35.17      0.00   0.00   0.00   0.00   0.00   0.00   0.00   0.00   0.00   0.00  -0.20   0.00   0.00   0.00 
06:45:03    362.097      25.00       9.90      23.67      50.00     759.52     438.06     141.72      60.52      64.37      35.17      0.00   0.00   0.00   0.00   0.00   0.00   0.00   0.00   0.00   0.00   0.00   0.00   0.00   0.00 
06:45:08    362.029      25.00       9.90      23.67      50.00     759.68     438.15     141.72      60.52      64.49      35.17      0.00   0.00   0.00   0.00   0.00   0.00   0.00   0.00   0.00   0.00   0.20   0.00   0.00   0.00 
06:45:13    361.957      25.00       9.90      23.67      50.00     759.26     438.06     141.72      60.52      64.50      35.17      0.00   0.00   0.00   0.00   0.00   0.00   0.00   0.00   0.00   0.00   0.40   0.00   0.00   0.00 
06:45:18    361.888      25.00       9.90      23.67      50.00     758.68     438.30     141.72      60.52      64.49      35.17      0.00   0.00   0.00   0.00   0.00   0.00   0.00   0.00   0.00   0.00   0.60   0.00   0.00   0.00 
06:45:24    361.822      25.00       9.90      23.67      50.00     758.51     438.39     141.72      60.52      64.50      35.17      0.00   0.00   0.00   0.00   0.00   0.00   0.00   0.00   0.00   0.00   0.80   0.00   0.00   0.00 
06:45:29    361.752      25.00       9.90      23.67      50.00     758.60     438.22     141.72      60.52      64.48      35.17      0.00   0.00   0.00   0.00   0.00   0.00   0.00   0.00   0.00   0.00   1.00   0.00   0.00   0.00 
06:45:34    361.683      25.00       9.90      23.67      50.00     758.01     438.30     141.72      60.52      64.48      35.17      0.00   0.00   0.00   0.00   0.00   0.00   0.00   0.00   0.00   0.00   1.20   0.00   0.00   0.00 
06:45:39    361.614      25.00       9.90      23.67      50.00     758.01     438.06     141.72      60.52      64.48      35.17      0.00   0.00   0.00   0.00   0.00   0.00   0.00   0.00   0.00   0.00   1.40   0.00   0.00   0.00 
06:45:44    361.546      25.00       9.90      23.67      50.00     757.59     438.80     141.72      60.52      64.47      35.17      0.00   0.00   0.00   0.00   0.00   0.00   0.00   0.00   0.00   0.00   1.60   0.00   0.00   0.00 
06:45:49    361.479      25.00       9.90      23.67      50.00     757.76     438.80     141.72      60.52      64.47      35.17      0.00   0.00   0.00   0.00   0.00   0.00   0.00   0.00   0.00   0.00   1.80   0.00   0.00   0.00 
06:45:54    361.408      25.00       9.90      23.67      50.00     757.09     438.80     141.72      60.52      64.45      35.17      0.00   0.00   0.00   0.00   0.00   0.00   0.00   0.00   0.00   0.00   2.00   0.00   0.00   0.00 
06:45:59    362.550      25.00       9.90      23.67      50.00     759.43     438.64     141.72      60.52      64.61      34.57      0.00   0.00   0.00   0.00   0.00   0.00   0.00   0.00   0.00   0.00   0.00   0.00   0.00   0.00 
06:46:05    362.482      25.00       9.90      23.67      50.00     761.68     437.55     141.72      60.52      64.62      34.57      0.00   0.00   0.00   0.00   0.00   0.00   0.00   0.00   0.00   0.00   0.00  -2.00   0.00   0.00 
06:46:10    362.412      25.00       9.90      23.67      50.00     761.68     438.15     141.72      60.52      64.62      34.57      0.00   0.00   0.00   0.00   0.00   0.00   0.00   0.00   0.00   0.00   0.00  -1.80   0.00   0.00 
06:46:15    362.340      25.00       9.90      23.67      50.00     761.44     437.98     141.72      60.52      64.58      34.57      0.00   0.00   0.00   0.00   0.00   0.00   0.00   0.00   0.00   0.00   0.00  -1.60   0.00   0.00 
06:46:20    362.269      25.00       9.90      23.67      50.00     761.18     437.48     141.72      60.52      64.57      34.57      0.00   0.00   0.00   0.00   0.00   0.00   0.00   0.00   0.00   0.00   0.00  -1.40   0.00   0.00 
06:46:25    362.199      25.00       9.90      23.67      50.00     761.10     438.15     141.72      60.52      64.59      34.57      0.00   0.00   0.00   0.00   0.00   0.00   0.00   0.00   0.00   0.00   0.00  -1.20   0.00   0.00 
06:46:30    362.131      25.00       9.90      23.67      50.00     760.84     437.72     141.72      60.52      64.58      34.57      0.00   0.00   0.00   0.00   0.00   0.00   0.00   0.00   0.00   0.00   0.00  -1.00   0.00   0.00 
06:46:35    362.059      25.00       9.90      23.67      50.00     760.60     437.98     141.72      60.52      64.54      34.57      0.00   0.00   0.00   0.00   0.00   0.00   0.00   0.00   0.00   0.00   0.00  -0.80   0.00   0.00 
06:46:41    361.988      25.00       9.90      23.67      50.00     760.19     438.22     141.72      60.52      64.53      34.57      0.00   0.00   0.00   0.00   0.00   0.00   0.00   0.00   0.00   0.00   0.00  -0.60   0.00   0.00 
06:46:46    361.921      25.00       9.90      23.67      50.00     760.36     437.98     141.72      60.52      64.52      34.57      0.00   0.00   0.00   0.00   0.00   0.00   0.00   0.00   0.00   0.00   0.00  -0.40   0.00   0.00 
06:46:51    361.850      25.00       9.90      23.67      50.00     759.59     438.06     141.72      60.52      64.50      34.57      0.00   0.00   0.00   0.00   0.00   0.00   0.00   0.00   0.00   0.00   0.00  -0.20   0.00   0.00 
06:46:56    361.784      25.00       9.90      23.67      50.00     759.85     437.72     141.72      60.52      64.44      34.57      0.00   0.00   0.00   0.00   0.00   0.00   0.00   0.00   0.00   0.00   0.00   0.00   0.00   0.00 
06:47:01    362.096      25.00       9.90      23.67      50.00     759.52     438.30     141.72      60.52      64.53      -6.24      0.00   0.00   0.00   0.00   0.00   0.00   0.00   0.00   0.00   0.00   0.00   0.20   0.00   0.00 
06:47:06    362.024      25.00       9.90      23.67      50.00     759.18     437.98     141.72      60.52      64.50      -6.24      0.00   0.00   0.00   0.00   0.00   0.00   0.00   0.00   0.00   0.00   0.00   0.40   0.00   0.00 
06:47:11    361.957      25.00       9.90      23.67      50.00     759.18     438.39     141.72      60.52      64.52      -6.24      0.00   0.00   0.00   0.00   0.00   0.00   0.00   0.00   0.00   0.00   0.00   0.60   0.00   0.00 
06:47:16    361.888      25.00       9.90      23.67      50.00     758.77     438.15     141.72      60.52      64.47      -6.24      0.00   0.00   0.00   0.00   0.00   0.00   0.00   0.00   0.00   0.00   0.00   0.80   0.00   0.00 
06:47:21    361.820      25.00       9.90      23.67      50.00     758.43     438.30     141.72      60.52      64.46      -6.24      0.00   0.00   0.00   0.00   0.00   0.00   0.00   0.00   0.00   0.00   0.00   1.00   0.00   0.00 
06:47:27    361.750      25.00       9.90      23.67      50.00     758.68     438.39     141.72      60.52      64.42      -6.24      0.00   0.00   0.00   0.00   0.00   0.00   0.00   0.00   0.00   0.00   0.00   1.20   0.00   0.00 
06:47:32    361.680      25.00       9.90      23.67      50.00     757.85     438.30     141.72      60.52      64.38      -6.24      0.00   0.00   0.00   0.00   0.00   0.00   0.00   0.00   0.00   0.00   0.00   1.40   0.00   0.00 
06:47:37    361.611      25.00       9.90      23.67      50.00     758.10     438.97     141.72      60.52      64.39      -6.24      0.00   0.00   0.00   0.00   0.00   0.00   0.00   0.00   0.00   0.00   0.00   1.60   0.00   0.00 
06:47:42    361.541      25.00       9.90      23.67      50.00     757.76     438.39     141.72      60.52      64.35      -6.24      0.00   0.00   0.00   0.00   0.00   0.00   0.00   0.00   0.00   0.00   0.00   1.80   0.00   0.00 
06:47:47    361.470      25.00       9.90      23.67      50.00     757.69     438.39     141.72      60.52      64.33      -6.24      0.00   0.00   0.00   0.00   0.00   0.00   0.00   0.00   0.00   0.00   0.00   2.00   0.00   0.00 
06:47:52    361.404      25.00       9.90      23.67      50.00     759.68     438.80     141.72      60.52      64.38      -6.24      0.00   0.00   0.00   0.00   0.00   0.00   0.00   0.00   0.00   0.00   0.00   0.00   0.00   0.00 
06:47:57    361.336      25.00       9.90      23.67      50.00     761.85     438.06     141.72      60.52      64.44      -6.24      0.00   0.00   0.00   0.00   0.00   0.00   0.00   0.00   0.00   0.00   0.00   0.00  -2.00   0.00 
06:48:03    362.033      25.00       9.90      23.67      50.00     761.52     438.06     141.72      60.52      64.60      32.80      0.00   0.00   0.00   0.00   0.00   0.00   0.00   0.00   0.00   0.00   0.00   0.00  -1.80   0.00 
06:48:08    361.963      25.00       9.90      23.67      50.00     761.44     438.22     141.72      60.52      64.57      32.80      0.00   0.00   0.00   0.00   0.00   0.00   0.00   0.00   0.00   0.00   0.00   0.00  -1.60   0.00 
06:48:13    361.891      25.00       9.90      23.67      50.00     761.10     438.22     141.72      60.52      64.53      32.80      0.00   0.00   0.00   0.00   0.00   0.00   0.00   0.00   0.00   0.00   0.00   0.00  -1.40   0.00 
06:48:18    361.823      25.00       9.90      23.67      50.00     761.10     437.72     141.72      60.52      64.48      32.80      0.00   0.00   0.00   0.00   0.00   0.00   0.00   0.00   0.00   0.00   0.00   0.00  -1.20   0.00 
06:48:23    361.756      25.00       9.90      23.67      50.00     760.60     437.55     141.72      60.52      64.49      32.80      0.00   0.00   0.00   0.00   0.00   0.00   0.00   0.00   0.00   0.00   0.00   0.00  -1.00   0.00 
06:48:28    361.686      25.00       9.90      23.67      50.00     760.43     438.30     141.72      60.52      64.47      32.80      0.00   0.00   0.00   0.00   0.00   0.00   0.00   0.00   0.00   0.00   0.00   0.00  -0.80   0.00 
06:48:33    361.617      25.00       9.90      23.67      50.00     760.36     437.98     141.72      60.52      64.42      32.80      0.00   0.00   0.00   0.00   0.00   0.00   0.00   0.00   0.00   0.00   0.00   0.00  -0.60   0.00 
06:48:38    361.548      25.00       9.90      23.67      50.00     759.85     438.15     141.72      60.52      64.40      32.80      0.00   0.00   0.00   0.00   0.00   0.00   0.00   0.00   0.00   0.00   0.00   0.00  -0.40   0.00 
06:48:43    361.478      25.00       9.90      23.67      50.00     759.85     437.98     141.72      60.52      64.38      32.80      0.00   0.00   0.00   0.00   0.00   0.00   0.00   0.00   0.00   0.00   0.00   0.00  -0.20   0.00 
06:48:49    361.409      25.00       9.90      23.67      50.00     759.52     438.30     141.72      60.52      64.35      32.80      0.00   0.00   0.00   0.00   0.00   0.00   0.00   0.00   0.00   0.00   0.00   0.00   0.00   0.00 
06:48:54    361.342      25.00       9.90      23.67      50.00     759.59     437.89     141.72      60.52      64.33      32.80      0.00   0.00   0.00   0.00   0.00   0.00   0.00   0.00   0.00   0.00   0.00   0.00   0.20   0.00 
06:48:59    362.367      25.00       9.90      23.67      50.00     759.18     438.39     141.72      60.52      64.34      35.04      0.00   0.00   0.00   0.00   0.00   0.00   0.00   0.00   0.00   0.00   0.00   0.00   0.40   0.00 
06:49:04    362.300      25.00       9.90      23.67      50.00     758.77     438.06     141.72      60.52      64.52      35.04      0.00   0.00   0.00   0.00   0.00   0.00   0.00   0.00   0.00   0.00   0.00   0.00   0.60   0.00 
06:49:09    362.231      25.00       9.90      23.67      50.00     758.68     438.39     141.72      60.52      64.49      35.04      0.00   0.00   0.00   0.00   0.00   0.00   0.00   0.00   0.00   0.00   0.00   0.00   0.80   0.00 
06:49:14    362.162      25.00       9.90      23.67      50.00     758.68     438.97     141.72      60.52      64.49      35.04      0.00   0.00   0.00   0.00   0.00   0.00   0.00   0.00   0.00   0.00   0.00   0.00   1.00   0.00 
06:49:19    362.094      25.00       9.90      23.67      50.00     758.51     437.98     141.72      60.52      64.44      35.04      0.00   0.00   0.00   0.00   0.00   0.00   0.00   0.00   0.00   0.00   0.00   0.00   1.20   0.00 
06:49:25    362.022      25.00       9.90      23.67      50.00     758.01     438.73     141.72      60.52      64.43      35.04      0.00   0.00   0.00   0.00   0.00   0.00   0.00   0.00   0.00   0.00   0.00   0.00   1.40   0.00 
06:49:30    361.950      25.00       9.90      23.67      50.00     758.10     438.64     141.72      60.52      64.39      35.04      0.00   0.00   0.00   0.00   0.00   0.00   0.00   0.00   0.00   0.00   0.00   0.00   1.60   0.00 
06:49:35    361.881      25.00       9.90      23.67      50.00     757.76     438.97     141.72      60.52      64.38      35.04      0.00   0.00   0.00   0.00   0.00   0.00   0.00   0.00   0.00   0.00   0.00   0.00   1.80   0.00 
06:49:40    361.815      25.00       9.90      23.67      50.00     757.59     438.73     141.72      60.52      64.40      35.04      0.00   0.00   0.00   0.00   0.00   0.00   0.00   0.00   0.00   0.00   0.00   0.00   2.00   0.00 
06:49:45    361.745      25.00       9.90      23.67      50.00     759.10     438.73     141.72      60.52      64.54      35.04      0.00   0.00   0.00   0.00   0.00   0.00   0.00   0.00   0.00   0.00   0.00   0.00   0.00   0.00 
06:49:50    361.673      25.00       9.90      23.67      50.00     761.01     437.98     141.72      60.52      64.65      35.04      0.00   0.00   0.00   0.00   0.00   0.00   0.00   0.00   0.00   0.00   0.00   0.00   0.00  -2.00 
06:49:55    361.604      25.00       9.90      23.67      50.00     760.94     438.06     141.72      60.52      64.62      35.04      0.00   0.00   0.00   0.00   0.00   0.00   0.00   0.00   0.00   0.00   0.00   0.00   0.00  -1.80 
06:50:00    362.053      25.00       9.90      23.67      50.00     760.77     438.15     141.72      60.52      64.67      32.57      0.00   0.00   0.00   0.00   0.00   0.00   0.00   0.00   0.00   0.00   0.00   0.00   0.00  -1.60 
06:50:06    361.983      25.00       9.90      23.67      50.00     760.26     438.30     141.72      60.52      64.64      32.57      0.00   0.00   0.00   0.00   0.00   0.00   0.00   0.00   0.00   0.00   0.00   0.00   0.00  -1.40 
06:50:11    361.915      25.00       9.90      23.67      50.00     760.77     437.98     141.72      60.52      64.36      32.57      0.00   0.00   0.00   0.00   0.00   0.00   0.00   0.00   0.00   0.00   0.00   0.00   0.00  -1.20 
06:50:16    361.847      25.00       9.90      23.67      50.00     760.36     438.30     141.72      60.52      64.37      32.57      0.00   0.00   0.00   0.00   0.00   0.00   0.00   0.00   0.00   0.00   0.00   0.00   0.00  -1.00 
06:50:21    361.778      25.00       9.90      23.67      50.00     760.36     438.22     141.72      60.52      64.35      32.57      0.00   0.00   0.00   0.00   0.00   0.00   0.00   0.00   0.00   0.00   0.00   0.00   0.00  -0.80 
06:50:26    361.709      25.00       9.90      23.67      50.00     760.10     437.98     141.72      60.52      64.31      32.57      0.00   0.00   0.00   0.00   0.00   0.00   0.00   0.00   0.00   0.00   0.00   0.00   0.00  -0.60 
06:50:31    361.640      25.00       9.90      23.67      50.00     760.10     438.15     141.72      60.52      64.29      32.57      0.00   0.00   0.00   0.00   0.00   0.00   0.00   0.00   0.00   0.00   0.00   0.00   0.00  -0.40 
06:50:36    361.574      25.00       9.90      23.67      50.00     759.76     438.15     141.72      60.52      64.22      32.57      0.00   0.00   0.00   0.00   0.00   0.00   0.00   0.00   0.00   0.00   0.00   0.00   0.00  -0.20 
06:50:41    361.501      25.00       9.90      23.67      50.00     759.76     438.30     141.72      60.52      64.16      32.57      0.00   0.00   0.00   0.00   0.00   0.00   0.00   0.00   0.00   0.00   0.00   0.00   0.00   0.00 
06:50:46    361.431      25.00       9.90      23.67      50.00     759.35     438.15     141.72      60.52       1.91      32.57      0.00   0.00   0.00   0.00   0.00   0.00   0.00   0.00   0.00   0.00   0.00   0.00   0.00   0.20 
06:50:52    361.362      25.00       9.90      23.67      50.00     759.52     438.06     141.72      60.52       7.24      32.57      0.00   0.00   0.00   0.00   0.00   0.00   0.00   0.00   0.00   0.00   0.00   0.00   0.00   0.40 
06:50:57    361.293      25.00       9.90      23.67      50.00     759.10     438.06     141.72      60.52      37.09      32.57      0.00   0.00   0.00   0.00   0.00   0.00   0.00   0.00   0.00   0.00   0.00   0.00   0.00   0.60 
06:51:02    362.136      25.00       9.90      23.67      50.00     759.10     438.06     141.72      60.52       3.42      34.60      0.00   0.00   0.00   0.00   0.00   0.00   0.00   0.00   0.00   0.00   0.00   0.00   0.00   0.80 
06:51:07    362.065      25.00       9.90      23.67      50.00     758.77     438.97     141.72      60.52       4.01      34.60      0.00   0.00   0.00   0.00   0.00   0.00   0.00   0.00   0.00   0.00   0.00   0.00   0.00   1.00 
06:51:12    361.995      25.00       9.90      23.67      50.00     758.51     438.15     141.72      60.52      63.31      34.60      0.00   0.00   0.00   0.00   0.00   0.00   0.00   0.00   0.00   0.00   0.00   0.00   0.00   1.20 
06:51:17    361.928      25.00       9.90      23.67      50.00     758.51     438.22     141.72      60.52       0.33      34.60      0.00   0.00   0.00   0.00   0.00   0.00   0.00   0.00   0.00   0.00   0.00   0.00   0.00   1.40 
06:51:22    361.858      25.00       9.90      23.67      50.00     758.43     438.30     141.72      60.52       0.08      34.60      0.00   0.00   0.00   0.00   0.00   0.00   0.00   0.00   0.00   0.00   0.00   0.00   0.00   1.60 
06:51:27    361.787      25.00       9.90      23.67      50.00     758.68     438.73     141.72      60.52      40.50      34.60      0.00   0.00   0.00   0.00   0.00   0.00   0.00   0.00   0.00   0.00   0.00   0.00   0.00   1.80 
06:51:33    361.721      25.00       9.90      23.67      50.00     757.93     438.80     141.72      60.52      64.38      34.60      0.00   0.00   0.00   0.00   0.00   0.00   0.00   0.00   0.00   0.00   0.00   0.00   0.00   2.00 
06:51:38    361.652      25.00       9.90      23.67      50.00     759.52     437.98     141.72      60.52      41.53      34.60      0.00   0.00   0.00   0.00   0.00   0.00   0.00   0.00   0.00   0.00   0.00   0.00   0.00   0.00 
06:51:38    361.648      25.00       9.90      23.67      50.00     759.52     437.81     141.72      60.52      41.53      34.60      0.00   0.00   0.00   0.00   0.00   0.00   0.00   0.00   0.00   0.00   0.00   0.00   0.00   0.00 
