Stare Time: 29-Oct-2019 04:43:08
    Time    Current       EPUg       EPUp        U50        U90         Fx         Fy      SizeX      SizeY     BL11I0  InjectEff      CH11   CH12   CH13   CH14   CH15   CH16   CH17   CH21   CH22   CH23   CH24   CH25   CH26   CH27
04:43:08    361.869      21.50       9.90      23.67      50.00     758.27     438.15     141.72      60.52      64.60       0.00      0.00   0.00   0.00   0.00   0.00   0.00   0.00   0.00   0.00   0.00   0.00   0.00   0.00   0.00 
04:43:14    361.799      21.50       9.90      23.67      50.00     759.52     437.89     141.72      60.52      64.42       0.00     -2.00   0.00   0.00   0.00   0.00   0.00   0.00   0.00   0.00   0.00   0.00   0.00   0.00   0.00 
04:43:19    361.724      21.50       9.90      23.67      50.00     759.43     437.89     141.72      60.52      64.40       0.00     -1.80   0.00   0.00   0.00   0.00   0.00   0.00   0.00   0.00   0.00   0.00   0.00   0.00   0.00 
04:43:24    361.651      21.50       9.90      23.67      50.00     759.35     437.89     141.72      60.52      64.38       0.00     -1.60   0.00   0.00   0.00   0.00   0.00   0.00   0.00   0.00   0.00   0.00   0.00   0.00   0.00 
04:43:29    361.580      21.50       9.90      23.67      50.00     759.10     437.48     141.72      60.52      64.39       0.00     -1.40   0.00   0.00   0.00   0.00   0.00   0.00   0.00   0.00   0.00   0.00   0.00   0.00   0.00 
04:43:34    361.506      21.50       9.90      23.67      50.00     758.68     437.98     141.72      60.52      64.37       0.00     -1.20   0.00   0.00   0.00   0.00   0.00   0.00   0.00   0.00   0.00   0.00   0.00   0.00   0.00 
04:43:40    361.433      21.50       9.90      23.67      50.00     758.68     437.81     141.72      60.52      64.39       0.00     -1.00   0.00   0.00   0.00   0.00   0.00   0.00   0.00   0.00   0.00   0.00   0.00   0.00   0.00 
04:43:45    361.360      21.50       9.90      23.67      50.00     758.77     438.30     141.72      60.52      64.41       0.00     -0.80   0.00   0.00   0.00   0.00   0.00   0.00   0.00   0.00   0.00   0.00   0.00   0.00   0.00 
04:43:50    361.287      21.50       9.90      23.67      50.00     758.68     438.15     141.72      60.52      64.38       0.00     -0.60   0.00   0.00   0.00   0.00   0.00   0.00   0.00   0.00   0.00   0.00   0.00   0.00   0.00 
04:43:55    361.213      21.50       9.90      23.67      50.00     758.34     437.89     141.72      60.52      64.37       0.00     -0.40   0.00   0.00   0.00   0.00   0.00   0.00   0.00   0.00   0.00   0.00   0.00   0.00   0.00 
04:44:00    361.142      21.50       9.90      23.67      50.00     758.27     438.30     141.72      60.52      64.40       0.00     -0.20   0.00   0.00   0.00   0.00   0.00   0.00   0.00   0.00   0.00   0.00   0.00   0.00   0.00 
04:44:05    361.067      21.50       9.90      23.67      50.00     758.01     438.06     141.72      60.52      64.37       0.00      0.00   0.00   0.00   0.00   0.00   0.00   0.00   0.00   0.00   0.00   0.00   0.00   0.00   0.00 
04:44:10    360.996      21.50       9.90      23.67      50.00     757.59     437.89     141.72      60.52      64.38       0.00      0.20   0.00   0.00   0.00   0.00   0.00   0.00   0.00   0.00   0.00   0.00   0.00   0.00   0.00 
04:44:16    360.924      21.50       9.90      23.67      50.00     757.85     438.30     141.72      60.52      64.39       0.00      0.40   0.00   0.00   0.00   0.00   0.00   0.00   0.00   0.00   0.00   0.00   0.00   0.00   0.00 
04:44:21    360.854      21.50       9.90      23.67      50.00     757.76     438.06     141.72      60.52      64.36       0.00      0.60   0.00   0.00   0.00   0.00   0.00   0.00   0.00   0.00   0.00   0.00   0.00   0.00   0.00 
04:44:26    360.779      21.50       9.90      23.67      50.00     757.69     438.80     141.72      60.52      64.38       0.00      0.80   0.00   0.00   0.00   0.00   0.00   0.00   0.00   0.00   0.00   0.00   0.00   0.00   0.00 
04:44:31    360.709      21.50       9.90      23.67      50.00     757.35     438.39     141.72      60.52      64.37       0.00      1.00   0.00   0.00   0.00   0.00   0.00   0.00   0.00   0.00   0.00   0.00   0.00   0.00   0.00 
04:44:36    360.636      21.50       9.90      23.67      50.00     757.18     438.22     141.72      60.52      64.37       0.00      1.20   0.00   0.00   0.00   0.00   0.00   0.00   0.00   0.00   0.00   0.00   0.00   0.00   0.00 
04:44:41    360.564      21.50       9.90      23.67      50.00     757.09     438.47     141.72      60.52      64.35       0.00      1.40   0.00   0.00   0.00   0.00   0.00   0.00   0.00   0.00   0.00   0.00   0.00   0.00   0.00 
04:44:46    360.491      21.50       9.90      23.67      50.00     756.92     438.47     141.72      60.52      64.36       0.00      1.60   0.00   0.00   0.00   0.00   0.00   0.00   0.00   0.00   0.00   0.00   0.00   0.00   0.00 
04:44:52    360.419      21.50       9.90      23.67      50.00     756.68     438.47     141.72      60.52      64.35       0.00      1.80   0.00   0.00   0.00   0.00   0.00   0.00   0.00   0.00   0.00   0.00   0.00   0.00   0.00 
04:44:57    360.346      21.50       9.90      23.67      50.00     756.68     438.73     141.72      60.52      64.38       0.00      2.00   0.00   0.00   0.00   0.00   0.00   0.00   0.00   0.00   0.00   0.00   0.00   0.00   0.00 
04:45:02    360.273      21.50       9.90      23.67      50.00     758.51     438.73     141.72      60.52      64.21       0.00      0.00   0.00   0.00   0.00   0.00   0.00   0.00   0.00   0.00   0.00   0.00   0.00   0.00   0.00 
04:45:07    360.201      21.50       9.90      23.67      50.00     759.93     438.22     141.72      60.52      63.92       0.00      0.00  -2.00   0.00   0.00   0.00   0.00   0.00   0.00   0.00   0.00   0.00   0.00   0.00   0.00 
04:45:12    360.130      21.50       9.90      23.67      50.00     760.10     437.89     141.72      60.52      63.94       0.00      0.00  -1.80   0.00   0.00   0.00   0.00   0.00   0.00   0.00   0.00   0.00   0.00   0.00   0.00 
04:45:17    360.056      21.50       9.90      23.67      50.00     759.85     438.06     141.72      60.52      63.96       0.00      0.00  -1.60   0.00   0.00   0.00   0.00   0.00   0.00   0.00   0.00   0.00   0.00   0.00   0.00 
04:45:22    359.983      21.50       9.90      23.67      50.00     759.52     438.06     141.72      60.52      63.98       0.00      0.00  -1.40   0.00   0.00   0.00   0.00   0.00   0.00   0.00   0.00   0.00   0.00   0.00   0.00 
04:45:28    359.913      21.50       9.90      23.67      50.00     759.43     438.39     141.72      60.52      63.99       0.00      0.00  -1.20   0.00   0.00   0.00   0.00   0.00   0.00   0.00   0.00   0.00   0.00   0.00   0.00 
04:45:33    359.844      21.50       9.90      23.67      50.00     759.35     437.64     141.72      60.52      64.02       0.00      0.00  -1.00   0.00   0.00   0.00   0.00   0.00   0.00   0.00   0.00   0.00   0.00   0.00   0.00 
04:45:38    359.770      21.50       9.90      23.67      50.00     759.18     437.89     141.72      60.52      64.01       0.00      0.00  -0.80   0.00   0.00   0.00   0.00   0.00   0.00   0.00   0.00   0.00   0.00   0.00   0.00 
04:45:43    359.697      21.50       9.90      23.67      50.00     758.68     438.15     141.72      60.52      64.04       0.00      0.00  -0.60   0.00   0.00   0.00   0.00   0.00   0.00   0.00   0.00   0.00   0.00   0.00   0.00 
04:45:48    359.626      21.50       9.90      23.67      50.00     758.68     438.73     141.72      60.52      64.05       0.00      0.00  -0.40   0.00   0.00   0.00   0.00   0.00   0.00   0.00   0.00   0.00   0.00   0.00   0.00 
04:45:53    359.556      21.50       9.90      23.67      50.00     758.27     438.39     141.72      60.52      64.03       0.00      0.00  -0.20   0.00   0.00   0.00   0.00   0.00   0.00   0.00   0.00   0.00   0.00   0.00   0.00 
04:45:58    359.483      21.50       9.90      23.67      50.00     758.10     438.30     141.72      60.52      64.04       0.00      0.00   0.00   0.00   0.00   0.00   0.00   0.00   0.00   0.00   0.00   0.00   0.00   0.00   0.00 
04:46:04    359.411      21.50       9.90      23.67      50.00     757.93     438.22     141.72      60.52      64.08       0.00      0.00   0.20   0.00   0.00   0.00   0.00   0.00   0.00   0.00   0.00   0.00   0.00   0.00   0.00 
04:46:09    359.339      21.50       9.90      23.67      50.00     757.93     438.80     141.72      60.52      64.07       0.00      0.00   0.40   0.00   0.00   0.00   0.00   0.00   0.00   0.00   0.00   0.00   0.00   0.00   0.00 
04:46:14    359.270      21.50       9.90      23.67      50.00     757.35     438.97     141.72      60.52      64.10       0.00      0.00   0.60   0.00   0.00   0.00   0.00   0.00   0.00   0.00   0.00   0.00   0.00   0.00   0.00 
04:46:19    359.197      21.50       9.90      23.67      50.00     757.43     438.22     141.72      60.52      64.08       0.00      0.00   0.80   0.00   0.00   0.00   0.00   0.00   0.00   0.00   0.00   0.00   0.00   0.00   0.00 
04:46:24    359.125      21.50       9.90      23.67      50.00     757.01     438.64     141.72      60.52      64.11       0.00      0.00   1.00   0.00   0.00   0.00   0.00   0.00   0.00   0.00   0.00   0.00   0.00   0.00   0.00 
04:46:29    359.054      21.50       9.90      23.67      50.00     756.92     438.39     141.72      60.52      64.10       0.00      0.00   1.20   0.00   0.00   0.00   0.00   0.00   0.00   0.00   0.00   0.00   0.00   0.00   0.00 
04:46:34    358.980      21.50       9.90      23.67      50.00     757.01     438.73     141.72      60.52      64.13       0.00      0.00   1.40   0.00   0.00   0.00   0.00   0.00   0.00   0.00   0.00   0.00   0.00   0.00   0.00 
04:46:40    358.910      21.50       9.90      23.67      50.00     756.68     437.98     141.72      60.52      64.14       0.00      0.00   1.60   0.00   0.00   0.00   0.00   0.00   0.00   0.00   0.00   0.00   0.00   0.00   0.00 
04:46:45    358.838      21.50       9.90      23.67      50.00     756.68     438.15     141.72      60.52      64.14       0.00      0.00   1.80   0.00   0.00   0.00   0.00   0.00   0.00   0.00   0.00   0.00   0.00   0.00   0.00 
04:46:50    358.768      21.50       9.90      23.67      50.00     756.01     438.80     141.72      60.52      64.13       0.00      0.00   2.00   0.00   0.00   0.00   0.00   0.00   0.00   0.00   0.00   0.00   0.00   0.00   0.00 
04:46:55    358.696      21.50       9.90      23.67      50.00     757.93     438.22     141.72      60.52      63.93       0.00      0.00   0.00   0.00   0.00   0.00   0.00   0.00   0.00   0.00   0.00   0.00   0.00   0.00   0.00 
04:47:00    358.625      21.50       9.90      23.67      50.00     760.19     437.89     141.72      60.52      63.47       0.00      0.00   0.00  -2.00   0.00   0.00   0.00   0.00   0.00   0.00   0.00   0.00   0.00   0.00   0.00 
04:47:05    358.554      21.50       9.90      23.67      50.00     760.10     437.72     141.72      60.52      63.51       0.00      0.00   0.00  -1.80   0.00   0.00   0.00   0.00   0.00   0.00   0.00   0.00   0.00   0.00   0.00 
04:47:10    358.482      21.50       9.90      23.67      50.00     759.85     438.06     141.72      60.52      63.52       0.00      0.00   0.00  -1.60   0.00   0.00   0.00   0.00   0.00   0.00   0.00   0.00   0.00   0.00   0.00 
04:47:15    358.410      21.50       9.90      23.67      50.00     759.35     437.72     141.72      60.52      63.56       0.00      0.00   0.00  -1.40   0.00   0.00   0.00   0.00   0.00   0.00   0.00   0.00   0.00   0.00   0.00 
04:47:21    358.336      21.50       9.90      23.67      50.00     759.35     438.30     141.72      60.52      63.04       0.00      0.00   0.00  -1.20   0.00   0.00   0.00   0.00   0.00   0.00   0.00   0.00   0.00   0.00   0.00 
04:47:26    358.268      21.50       9.90      23.67      50.00     759.26     438.06     141.72      60.52      63.11       0.00      0.00   0.00  -1.00   0.00   0.00   0.00   0.00   0.00   0.00   0.00   0.00   0.00   0.00   0.00 
04:47:31    358.198      21.50       9.90      23.67      50.00     758.77     438.06     141.72      60.52      63.13       0.00      0.00   0.00  -0.80   0.00   0.00   0.00   0.00   0.00   0.00   0.00   0.00   0.00   0.00   0.00 
04:47:36    358.127      21.50       9.90      23.67      50.00     758.60     438.22     141.72      60.52      63.20       0.00      0.00   0.00  -0.60   0.00   0.00   0.00   0.00   0.00   0.00   0.00   0.00   0.00   0.00   0.00 
04:47:41    358.055      21.50       9.90      23.67      50.00     758.51     438.06     141.72      60.52      63.24       0.00      0.00   0.00  -0.40   0.00   0.00   0.00   0.00   0.00   0.00   0.00   0.00   0.00   0.00   0.00 
04:47:46    357.982      21.50       9.90      23.67      50.00     758.10     438.06     141.72      60.52      63.31       0.00      0.00   0.00  -0.20   0.00   0.00   0.00   0.00   0.00   0.00   0.00   0.00   0.00   0.00   0.00 
04:47:51    357.913      21.50       9.90      23.67      50.00     757.93     437.98     141.72      60.52      63.32       0.00      0.00   0.00   0.00   0.00   0.00   0.00   0.00   0.00   0.00   0.00   0.00   0.00   0.00   0.00 
04:47:57    357.843      21.50       9.90      23.67      50.00     758.01     438.15     141.72      60.52      63.36       0.00      0.00   0.00   0.20   0.00   0.00   0.00   0.00   0.00   0.00   0.00   0.00   0.00   0.00   0.00 
04:48:02    357.770      21.50       9.90      23.67      50.00     757.52     438.89     141.72      60.52      63.42       0.00      0.00   0.00   0.40   0.00   0.00   0.00   0.00   0.00   0.00   0.00   0.00   0.00   0.00   0.00 
04:48:07    357.698      21.50       9.90      23.67      50.00     757.18     438.97     141.72      60.52      63.45       0.00      0.00   0.00   0.60   0.00   0.00   0.00   0.00   0.00   0.00   0.00   0.00   0.00   0.00   0.00 
04:48:12    357.628      21.50       9.90      23.67      50.00     757.43     438.30     141.72      60.52      63.46       0.00      0.00   0.00   0.80   0.00   0.00   0.00   0.00   0.00   0.00   0.00   0.00   0.00   0.00   0.00 
04:48:17    357.557      21.50       9.90      23.67      50.00     756.92     438.30     141.72      60.52      63.54       0.00      0.00   0.00   1.00   0.00   0.00   0.00   0.00   0.00   0.00   0.00   0.00   0.00   0.00   0.00 
04:48:22    357.487      21.50       9.90      23.67      50.00     756.92     438.22     141.72      60.52      63.57       0.00      0.00   0.00   1.20   0.00   0.00   0.00   0.00   0.00   0.00   0.00   0.00   0.00   0.00   0.00 
04:48:27    357.418      21.50       9.90      23.67      50.00     756.85     438.30     141.72      60.52      63.57       0.00      0.00   0.00   1.40   0.00   0.00   0.00   0.00   0.00   0.00   0.00   0.00   0.00   0.00   0.00 
04:48:32    357.345      21.50       9.90      23.67      50.00     756.27     438.06     141.72      60.52      63.60       0.00      0.00   0.00   1.60   0.00   0.00   0.00   0.00   0.00   0.00   0.00   0.00   0.00   0.00   0.00 
04:48:38    357.275      21.50       9.90      23.67      50.00     755.67     438.39     141.72      60.52      63.63       0.00      0.00   0.00   1.80   0.00   0.00   0.00   0.00   0.00   0.00   0.00   0.00   0.00   0.00   0.00 
04:48:43    357.204      21.50       9.90      23.67      50.00     755.76     438.73     141.72      60.52      63.65       0.00      0.00   0.00   2.00   0.00   0.00   0.00   0.00   0.00   0.00   0.00   0.00   0.00   0.00   0.00 
04:48:48    357.131      21.50       9.90      23.67      50.00     758.01     438.15     141.72      60.52      63.24       0.00      0.00   0.00   0.00   0.00   0.00   0.00   0.00   0.00   0.00   0.00   0.00   0.00   0.00   0.00 
04:48:53    357.060      21.50       9.90      23.67      50.00     760.10     438.15     141.72      60.52      62.16       0.00      0.00   0.00   0.00  -2.00   0.00   0.00   0.00   0.00   0.00   0.00   0.00   0.00   0.00   0.00 
04:48:58    356.987      21.50       9.90      23.67      50.00     760.02     438.06     141.72      60.52      62.28       0.00      0.00   0.00   0.00  -1.80   0.00   0.00   0.00   0.00   0.00   0.00   0.00   0.00   0.00   0.00 
04:49:03    356.918      21.50       9.90      23.67      50.00     759.68     438.06     141.72      60.52      62.37       0.00      0.00   0.00   0.00  -1.60   0.00   0.00   0.00   0.00   0.00   0.00   0.00   0.00   0.00   0.00 
04:49:09    356.846      21.50       9.90      23.67      50.00     759.52     438.15     141.72      60.52      62.48       0.00      0.00   0.00   0.00  -1.40   0.00   0.00   0.00   0.00   0.00   0.00   0.00   0.00   0.00   0.00 
04:49:14    356.775      21.50       9.90      23.67      50.00     759.68     438.22     141.72      60.52      62.52       0.00      0.00   0.00   0.00  -1.20   0.00   0.00   0.00   0.00   0.00   0.00   0.00   0.00   0.00   0.00 
04:49:19    356.706      21.50       9.90      23.67      50.00     759.26     438.30     141.72      60.52      62.61       0.00      0.00   0.00   0.00  -1.00   0.00   0.00   0.00   0.00   0.00   0.00   0.00   0.00   0.00   0.00 
04:49:24    356.635      21.50       9.90      23.67      50.00     759.35     437.98     141.72      60.52      62.71       0.00      0.00   0.00   0.00  -0.80   0.00   0.00   0.00   0.00   0.00   0.00   0.00   0.00   0.00   0.00 
04:49:29    356.565      21.50       9.90      23.67      50.00     758.68     438.30     141.72      60.52      62.80       0.00      0.00   0.00   0.00  -0.60   0.00   0.00   0.00   0.00   0.00   0.00   0.00   0.00   0.00   0.00 
04:49:34    356.494      21.50       9.90      23.67      50.00     758.60     437.89     141.72      60.52      62.90       0.00      0.00   0.00   0.00  -0.40   0.00   0.00   0.00   0.00   0.00   0.00   0.00   0.00   0.00   0.00 
04:49:39    356.423      21.50       9.90      23.67      50.00     758.01     438.30     141.72      60.52      62.94       0.00      0.00   0.00   0.00  -0.20   0.00   0.00   0.00   0.00   0.00   0.00   0.00   0.00   0.00   0.00 
04:49:44    356.353      21.50       9.90      23.67      50.00     758.10     438.73     141.72      60.52      63.02       0.00      0.00   0.00   0.00   0.00   0.00   0.00   0.00   0.00   0.00   0.00   0.00   0.00   0.00   0.00 
04:49:50    356.283      21.50       9.90      23.67      50.00     758.01     438.47     141.72      60.52      63.09       0.00      0.00   0.00   0.00   0.20   0.00   0.00   0.00   0.00   0.00   0.00   0.00   0.00   0.00   0.00 
04:49:55    356.213      21.50       9.90      23.67      50.00     757.35     438.89     141.72      60.52      63.18       0.00      0.00   0.00   0.00   0.40   0.00   0.00   0.00   0.00   0.00   0.00   0.00   0.00   0.00   0.00 
04:50:00    356.145      21.50       9.90      23.67      50.00     757.26     438.64     141.72      60.52      63.22       0.00      0.00   0.00   0.00   0.60   0.00   0.00   0.00   0.00   0.00   0.00   0.00   0.00   0.00   0.00 
04:50:05    356.073      21.50       9.90      23.67      50.00     757.26     439.23     141.72      60.52      63.29       0.00      0.00   0.00   0.00   0.80   0.00   0.00   0.00   0.00   0.00   0.00   0.00   0.00   0.00   0.00 
04:50:10    356.001      21.50       9.90      23.67      50.00     757.18     438.97     141.72      60.52      63.33       0.00      0.00   0.00   0.00   1.00   0.00   0.00   0.00   0.00   0.00   0.00   0.00   0.00   0.00   0.00 
04:50:15    355.931      21.50       9.90      23.67      50.00     756.92     438.89     141.72      60.52      63.41       0.00      0.00   0.00   0.00   1.20   0.00   0.00   0.00   0.00   0.00   0.00   0.00   0.00   0.00   0.00 
04:50:20    355.864      21.50       9.90      23.67      50.00     756.43     438.64     141.72      60.52      63.47       0.00      0.00   0.00   0.00   1.40   0.00   0.00   0.00   0.00   0.00   0.00   0.00   0.00   0.00   0.00 
04:50:26    355.791      21.50       9.90      23.67      50.00     756.51     439.06     141.72      60.52      63.54       0.00      0.00   0.00   0.00   1.60   0.00   0.00   0.00   0.00   0.00   0.00   0.00   0.00   0.00   0.00 
04:50:31    355.720      21.50       9.90      23.67      50.00     756.43     439.06     141.72      60.52      63.57       0.00      0.00   0.00   0.00   1.80   0.00   0.00   0.00   0.00   0.00   0.00   0.00   0.00   0.00   0.00 
04:50:36    355.650      21.50       9.90      23.67      50.00     755.67     438.22     141.72      60.52      63.61       0.00      0.00   0.00   0.00   2.00   0.00   0.00   0.00   0.00   0.00   0.00   0.00   0.00   0.00   0.00 
04:50:41    355.579      21.50       9.90      23.67      50.00     758.27     438.22     141.72      60.52      62.96       0.00      0.00   0.00   0.00   0.00   0.00   0.00   0.00   0.00   0.00   0.00   0.00   0.00   0.00   0.00 
04:50:46    355.507      21.50       9.90      23.67      50.00     758.77     438.39     141.72      60.52      60.85       0.00      0.00   0.00   0.00   0.00  -2.00   0.00   0.00   0.00   0.00   0.00   0.00   0.00   0.00   0.00 
04:50:52    355.440      21.50       9.90      23.67      50.00     758.68     437.89     141.72      60.52      61.04       0.00      0.00   0.00   0.00   0.00  -1.80   0.00   0.00   0.00   0.00   0.00   0.00   0.00   0.00   0.00 
04:50:57    355.368      21.50       9.90      23.67      50.00     758.51     438.30     141.72      60.52      61.24       0.00      0.00   0.00   0.00   0.00  -1.60   0.00   0.00   0.00   0.00   0.00   0.00   0.00   0.00   0.00 
04:51:02    355.297      21.50       9.90      23.67      50.00     758.34     438.06     141.72      60.52      61.43       0.00      0.00   0.00   0.00   0.00  -1.40   0.00   0.00   0.00   0.00   0.00   0.00   0.00   0.00   0.00 
04:51:07    355.226      21.50       9.90      23.67      50.00     758.43     437.98     141.72      60.52      61.66       0.00      0.00   0.00   0.00   0.00  -1.20   0.00   0.00   0.00   0.00   0.00   0.00   0.00   0.00   0.00 
04:51:12    355.155      21.50       9.90      23.67      50.00     758.17     438.22     141.72      60.52      61.93       0.00      0.00   0.00   0.00   0.00  -1.00   0.00   0.00   0.00   0.00   0.00   0.00   0.00   0.00   0.00 
04:51:17    355.086      21.50       9.90      23.67      50.00     758.01     438.22     141.72      60.52      62.09       0.00      0.00   0.00   0.00   0.00  -0.80   0.00   0.00   0.00   0.00   0.00   0.00   0.00   0.00   0.00 
04:51:23    355.015      21.50       9.90      23.67      50.00     758.01     438.73     141.72      60.52      62.26       0.00      0.00   0.00   0.00   0.00  -0.60   0.00   0.00   0.00   0.00   0.00   0.00   0.00   0.00   0.00 
04:51:28    354.943      21.50       9.90      23.67      50.00     757.76     438.39     141.72      60.52      62.45       0.00      0.00   0.00   0.00   0.00  -0.40   0.00   0.00   0.00   0.00   0.00   0.00   0.00   0.00   0.00 
04:51:33    354.873      21.50       9.90      23.67      50.00     757.85     437.98     141.72      60.52      62.58       0.00      0.00   0.00   0.00   0.00  -0.20   0.00   0.00   0.00   0.00   0.00   0.00   0.00   0.00   0.00 
04:51:38    354.805      21.50       9.90      23.67      50.00     757.85     438.73     141.72      60.52      62.72       0.00      0.00   0.00   0.00   0.00   0.00   0.00   0.00   0.00   0.00   0.00   0.00   0.00   0.00   0.00 
04:51:43    354.733      21.50       9.90      23.67      50.00     757.85     438.22     141.72      60.52      62.89       0.00      0.00   0.00   0.00   0.00   0.20   0.00   0.00   0.00   0.00   0.00   0.00   0.00   0.00   0.00 
04:51:48    354.660      21.50       9.90      23.67      50.00     758.01     438.89     141.72      60.52      63.05       0.00      0.00   0.00   0.00   0.00   0.40   0.00   0.00   0.00   0.00   0.00   0.00   0.00   0.00   0.00 
04:51:53    354.597      21.50       9.90      23.67      50.00     757.69     438.64     141.72      60.52      63.16       0.00      0.00   0.00   0.00   0.00   0.60   0.00   0.00   0.00   0.00   0.00   0.00   0.00   0.00   0.00 
04:51:59    354.524      21.50       9.90      23.67      50.00     757.76     437.98     141.72      60.52      63.26       0.00      0.00   0.00   0.00   0.00   0.80   0.00   0.00   0.00   0.00   0.00   0.00   0.00   0.00   0.00 
04:52:04    354.454      21.50       9.90      23.67      50.00     757.69     438.30     141.72      60.52      63.38       0.00      0.00   0.00   0.00   0.00   1.00   0.00   0.00   0.00   0.00   0.00   0.00   0.00   0.00   0.00 
04:52:09    354.385      21.50       9.90      23.67      50.00     757.26     438.47     141.72      60.52      63.40       0.00      0.00   0.00   0.00   0.00   1.20   0.00   0.00   0.00   0.00   0.00   0.00   0.00   0.00   0.00 
04:52:14    354.317      21.50       9.90      23.67      50.00     757.26     438.73     141.72      60.52      63.48       0.00      0.00   0.00   0.00   0.00   1.40   0.00   0.00   0.00   0.00   0.00   0.00   0.00   0.00   0.00 
04:52:19    354.248      21.50       9.90      23.67      50.00     757.09     438.06     141.72      60.52      63.54       0.00      0.00   0.00   0.00   0.00   1.60   0.00   0.00   0.00   0.00   0.00   0.00   0.00   0.00   0.00 
04:52:24    354.179      21.50       9.90      23.67      50.00     757.18     438.64     141.72      60.52      63.58       0.00      0.00   0.00   0.00   0.00   1.80   0.00   0.00   0.00   0.00   0.00   0.00   0.00   0.00   0.00 
04:52:29    354.110      21.50       9.90      23.67      50.00     757.59     438.56     141.72      60.52      63.63       0.00      0.00   0.00   0.00   0.00   2.00   0.00   0.00   0.00   0.00   0.00   0.00   0.00   0.00   0.00 
04:52:35    354.040      21.50       9.90      23.67      50.00     757.69     439.14     141.72      60.52      62.65       0.00      0.00   0.00   0.00   0.00   0.00   0.00   0.00   0.00   0.00   0.00   0.00   0.00   0.00   0.00 
04:52:40    353.973      21.50       9.90      23.67      50.00     752.68     439.55     141.72      60.52      59.05       0.00      0.00   0.00   0.00   0.00   0.00  -2.00   0.00   0.00   0.00   0.00   0.00   0.00   0.00   0.00 
04:52:45    353.902      21.50       9.90      23.67      50.00     753.34     439.31     141.72      60.52      59.45       0.00      0.00   0.00   0.00   0.00   0.00  -1.80   0.00   0.00   0.00   0.00   0.00   0.00   0.00   0.00 
04:52:50    353.832      21.50       9.90      23.67      50.00     753.67     439.14     141.72      60.52      59.82       0.00      0.00   0.00   0.00   0.00   0.00  -1.60   0.00   0.00   0.00   0.00   0.00   0.00   0.00   0.00 
04:52:55    353.762      21.50       9.90      23.67      50.00     754.25     439.06     141.72      60.52      60.17       0.00      0.00   0.00   0.00   0.00   0.00  -1.40   0.00   0.00   0.00   0.00   0.00   0.00   0.00   0.00 
04:53:00    353.691      21.50       9.90      23.67      50.00     754.68     439.14     141.72      60.52      60.59       0.00      0.00   0.00   0.00   0.00   0.00  -1.20   0.00   0.00   0.00   0.00   0.00   0.00   0.00   0.00 
04:53:06    353.622      21.50       9.90      23.67      50.00     755.02     438.89     141.72      60.52      60.93       0.00      0.00   0.00   0.00   0.00   0.00  -1.00   0.00   0.00   0.00   0.00   0.00   0.00   0.00   0.00 
04:53:11    353.554      21.50       9.90      23.67      50.00     755.76     439.06     141.72      60.52      61.32       0.00      0.00   0.00   0.00   0.00   0.00  -0.80   0.00   0.00   0.00   0.00   0.00   0.00   0.00   0.00 
04:53:16    353.484      21.50       9.90      23.67      50.00     756.51     438.97     141.72      60.52      61.62       0.00      0.00   0.00   0.00   0.00   0.00  -0.60   0.00   0.00   0.00   0.00   0.00   0.00   0.00   0.00 
04:53:21    353.414      21.50       9.90      23.67      50.00     756.92     438.30     141.72      60.52      61.95       0.00      0.00   0.00   0.00   0.00   0.00  -0.40   0.00   0.00   0.00   0.00   0.00   0.00   0.00   0.00 
04:53:26    353.345      21.50       9.90      23.67      50.00     757.09     438.39     141.72      60.52      62.19       0.00      0.00   0.00   0.00   0.00   0.00  -0.20   0.00   0.00   0.00   0.00   0.00   0.00   0.00   0.00 
04:53:31    353.273      21.50       9.90      23.67      50.00     757.69     438.73     141.72      60.52      62.47       0.00      0.00   0.00   0.00   0.00   0.00   0.00   0.00   0.00   0.00   0.00   0.00   0.00   0.00   0.00 
04:53:36    353.206      21.50       9.90      23.67      50.00     758.34     438.73     141.72      60.52      62.70       0.00      0.00   0.00   0.00   0.00   0.00   0.20   0.00   0.00   0.00   0.00   0.00   0.00   0.00   0.00 
04:53:42    353.132      21.50       9.90      23.67      50.00     759.35     437.81     141.72      60.52      62.88       0.00      0.00   0.00   0.00   0.00   0.00   0.40   0.00   0.00   0.00   0.00   0.00   0.00   0.00   0.00 
04:53:47    353.064      21.50       9.90      23.67      50.00     759.52     438.64     141.72      60.52      63.10       0.00      0.00   0.00   0.00   0.00   0.00   0.60   0.00   0.00   0.00   0.00   0.00   0.00   0.00   0.00 
04:53:52    352.994      21.50       9.90      23.67      50.00     759.93     437.81     141.72      60.52      63.27       0.00      0.00   0.00   0.00   0.00   0.00   0.80   0.00   0.00   0.00   0.00   0.00   0.00   0.00   0.00 
04:53:57    352.929      21.50       9.90      23.67      50.00     760.10     438.64     141.72      60.52      63.45       0.00      0.00   0.00   0.00   0.00   0.00   1.00   0.00   0.00   0.00   0.00   0.00   0.00   0.00   0.00 
04:54:02    352.856      21.50       9.90      23.67      50.00     760.94     437.98     141.72      60.52      63.55       0.00      0.00   0.00   0.00   0.00   0.00   1.20   0.00   0.00   0.00   0.00   0.00   0.00   0.00   0.00 
04:54:07    352.788      21.50       9.90      23.67      50.00     761.52     437.98     141.72      60.52      63.66       0.00      0.00   0.00   0.00   0.00   0.00   1.40   0.00   0.00   0.00   0.00   0.00   0.00   0.00   0.00 
04:54:13    352.718      21.50       9.90      23.67      50.00     762.02     438.30     141.72      60.52      63.73       0.00      0.00   0.00   0.00   0.00   0.00   1.60   0.00   0.00   0.00   0.00   0.00   0.00   0.00   0.00 
04:54:18    352.649      21.50       9.90      23.67      50.00     762.35     437.48     141.72      60.52      63.75       0.00      0.00   0.00   0.00   0.00   0.00   1.80   0.00   0.00   0.00   0.00   0.00   0.00   0.00   0.00 
04:54:23    352.577      21.50       9.90      23.67      50.00     763.10     437.64     141.72      60.52      63.77       0.00      0.00   0.00   0.00   0.00   0.00   2.00   0.00   0.00   0.00   0.00   0.00   0.00   0.00   0.00 
04:54:28    352.507      21.50       9.90      23.67      50.00     757.85     438.47     141.72      60.52      62.42       0.00      0.00   0.00   0.00   0.00   0.00   0.00   0.00   0.00   0.00   0.00   0.00   0.00   0.00   0.00 
04:54:33    352.440      21.50       9.90      23.67      50.00     742.58     439.64     141.72      60.52      59.49       0.00      0.00   0.00   0.00   0.00   0.00   0.00  -2.00   0.00   0.00   0.00   0.00   0.00   0.00   0.00 
04:54:38    352.373      21.50       9.90      23.67      50.00     743.42     441.06     141.72      60.52      59.76       0.00      0.00   0.00   0.00   0.00   0.00   0.00  -1.80   0.00   0.00   0.00   0.00   0.00   0.00   0.00 
04:54:43    352.307      21.50       9.90      23.67      50.00     745.25     441.23     141.72      60.52      60.03       0.00      0.00   0.00   0.00   0.00   0.00   0.00  -1.60   0.00   0.00   0.00   0.00   0.00   0.00   0.00 
04:54:49    352.238      21.50       9.90      23.67      50.00     746.59     440.80     141.72      60.52      60.38       0.00      0.00   0.00   0.00   0.00   0.00   0.00  -1.40   0.00   0.00   0.00   0.00   0.00   0.00   0.00 
04:54:54    352.170      21.50       9.90      23.67      50.00     748.33     440.39     141.72      60.52      60.61       0.00      0.00   0.00   0.00   0.00   0.00   0.00  -1.20   0.00   0.00   0.00   0.00   0.00   0.00   0.00 
04:54:59    352.102      21.50       9.90      23.67      50.00     749.58     440.65     141.72      60.52      60.92       0.00      0.00   0.00   0.00   0.00   0.00   0.00  -1.00   0.00   0.00   0.00   0.00   0.00   0.00   0.00 
04:55:04    352.034      21.50       9.90      23.67      50.00     751.43     440.15     141.72      60.52      61.17       0.00      0.00   0.00   0.00   0.00   0.00   0.00  -0.80   0.00   0.00   0.00   0.00   0.00   0.00   0.00 
04:55:09    351.966      21.50       9.90      23.67      50.00     752.76     439.47     141.72      60.52      61.45       0.00      0.00   0.00   0.00   0.00   0.00   0.00  -0.60   0.00   0.00   0.00   0.00   0.00   0.00   0.00 
04:55:14    351.892      21.50       9.90      23.67      50.00     754.51     438.97     141.72      60.52      61.67       0.00      0.00   0.00   0.00   0.00   0.00   0.00  -0.40   0.00   0.00   0.00   0.00   0.00   0.00   0.00 
04:55:20    351.825      21.50       9.90      23.67      50.00     756.34     439.40     141.72      60.52      61.95       0.00      0.00   0.00   0.00   0.00   0.00   0.00  -0.20   0.00   0.00   0.00   0.00   0.00   0.00   0.00 
04:55:25    351.758      21.50       9.90      23.67      50.00     757.59     438.80     141.72      60.52      62.18       0.00      0.00   0.00   0.00   0.00   0.00   0.00   0.00   0.00   0.00   0.00   0.00   0.00   0.00   0.00 
04:55:30    351.686      21.50       9.90      23.67      50.00     759.35     438.73     141.72      60.52      62.42       0.00      0.00   0.00   0.00   0.00   0.00   0.00   0.20   0.00   0.00   0.00   0.00   0.00   0.00   0.00 
04:55:35    351.619      21.50       9.90      23.67      50.00     760.60     437.72     141.72      60.52      62.64       0.00      0.00   0.00   0.00   0.00   0.00   0.00   0.40   0.00   0.00   0.00   0.00   0.00   0.00   0.00 
04:55:40    351.548      21.50       9.90      23.67      50.00     762.60     437.81     141.72      60.52      62.84       0.00      0.00   0.00   0.00   0.00   0.00   0.00   0.60   0.00   0.00   0.00   0.00   0.00   0.00   0.00 
04:55:45    351.483      21.50       9.90      23.67      50.00     764.02     436.97     141.72      60.52      63.04       0.00      0.00   0.00   0.00   0.00   0.00   0.00   0.80   0.00   0.00   0.00   0.00   0.00   0.00   0.00 
04:55:51    351.410      21.50       9.90      23.67      50.00     765.36     436.80     141.72      60.52      63.20       0.00      0.00   0.00   0.00   0.00   0.00   0.00   1.00   0.00   0.00   0.00   0.00   0.00   0.00   0.00 
04:55:56    351.338      21.50       9.90      23.67      50.00     767.60     436.64     141.72      60.52      63.36       0.00      0.00   0.00   0.00   0.00   0.00   0.00   1.20   0.00   0.00   0.00   0.00   0.00   0.00   0.00 
04:56:01    351.266      21.50       9.90      23.67      50.00     769.10     436.13     141.72      60.52      63.53       0.00      0.00   0.00   0.00   0.00   0.00   0.00   1.40   0.00   0.00   0.00   0.00   0.00   0.00   0.00 
04:56:06    351.194      21.50       9.90      23.67      50.00     771.19     435.64     141.72      60.52      63.68       0.00      0.00   0.00   0.00   0.00   0.00   0.00   1.60   0.00   0.00   0.00   0.00   0.00   0.00   0.00 
04:56:11    351.118      21.50       9.90      23.67      50.00     772.61     435.39     141.72      60.52      63.80       0.00      0.00   0.00   0.00   0.00   0.00   0.00   1.80   0.00   0.00   0.00   0.00   0.00   0.00   0.00 
04:56:17    351.042      21.50       9.90      23.67      50.00     773.36     435.14     141.72      60.52      63.89       0.00      0.00   0.00   0.00   0.00   0.00   0.00   2.00   0.00   0.00   0.00   0.00   0.00   0.00   0.00 
04:56:22    350.973      21.50       9.90      23.67      50.00     757.93     438.30     141.72      60.52      62.06       0.00      0.00   0.00   0.00   0.00   0.00   0.00   0.00   0.00   0.00   0.00   0.00   0.00   0.00   0.00 
04:56:27    350.910      21.50       9.90      23.67      50.00     741.76     441.06     141.72      60.52      62.12       0.00      0.00   0.00   0.00   0.00   0.00   0.00   0.00  -2.00   0.00   0.00   0.00   0.00   0.00   0.00 
04:56:32    350.841      21.50       9.90      23.67      50.00     742.84     441.90     141.72      60.52      62.14       0.00      0.00   0.00   0.00   0.00   0.00   0.00   0.00  -1.80   0.00   0.00   0.00   0.00   0.00   0.00 
04:56:37    350.777      21.50       9.90      23.67      50.00     744.91     441.31     141.72      60.52      62.11       0.00      0.00   0.00   0.00   0.00   0.00   0.00   0.00  -1.60   0.00   0.00   0.00   0.00   0.00   0.00 
04:56:42    350.709      21.50       9.90      23.67      50.00     746.42     441.06     141.72      60.52      62.14       0.00      0.00   0.00   0.00   0.00   0.00   0.00   0.00  -1.40   0.00   0.00   0.00   0.00   0.00   0.00 
04:56:47    350.640      21.50       9.90      23.67      50.00     747.51     440.65     141.72      60.52      62.40       0.00      0.00   0.00   0.00   0.00   0.00   0.00   0.00  -1.20   0.00   0.00   0.00   0.00   0.00   0.00 
04:56:52    350.575      21.50       9.90      23.67      50.00     750.01     440.15     141.72      60.52      62.39       0.00      0.00   0.00   0.00   0.00   0.00   0.00   0.00  -1.00   0.00   0.00   0.00   0.00   0.00   0.00 
04:56:58    350.505      21.50       9.90      23.67      50.00     751.17     439.98     141.72      60.52      62.40       0.00      0.00   0.00   0.00   0.00   0.00   0.00   0.00  -0.80   0.00   0.00   0.00   0.00   0.00   0.00 
04:57:03    350.438      21.50       9.90      23.67      50.00     752.76     439.40     141.72      60.52      62.39       0.00      0.00   0.00   0.00   0.00   0.00   0.00   0.00  -0.60   0.00   0.00   0.00   0.00   0.00   0.00 
04:57:08    350.371      21.50       9.90      23.67      50.00     754.34     439.14     141.72      60.52      62.39       0.00      0.00   0.00   0.00   0.00   0.00   0.00   0.00  -0.40   0.00   0.00   0.00   0.00   0.00   0.00 
04:57:13    350.303      21.50       9.90      23.67      50.00     756.17     439.31     141.72      60.52      62.36       0.00      0.00   0.00   0.00   0.00   0.00   0.00   0.00  -0.20   0.00   0.00   0.00   0.00   0.00   0.00 
04:57:18    350.231      21.50       9.90      23.67      50.00     758.01     438.80     141.72      60.52      62.31       0.00      0.00   0.00   0.00   0.00   0.00   0.00   0.00   0.00   0.00   0.00   0.00   0.00   0.00   0.00 
04:57:23    350.163      21.50       9.90      23.67      50.00     759.59     438.15     141.72      60.52      62.27       0.00      0.00   0.00   0.00   0.00   0.00   0.00   0.00   0.20   0.00   0.00   0.00   0.00   0.00   0.00 
04:57:28    350.095      21.50       9.90      23.67      50.00     761.27     437.72     141.72      60.52      62.23       0.00      0.00   0.00   0.00   0.00   0.00   0.00   0.00   0.40   0.00   0.00   0.00   0.00   0.00   0.00 
04:57:34    350.028      21.50       9.90      23.67      50.00     762.93     437.72     141.72      60.52      62.18       0.00      0.00   0.00   0.00   0.00   0.00   0.00   0.00   0.60   0.00   0.00   0.00   0.00   0.00   0.00 
04:57:39    349.956      21.50       9.90      23.67      50.00     764.77     437.05     141.72      60.52      62.12       0.00      0.00   0.00   0.00   0.00   0.00   0.00   0.00   0.80   0.00   0.00   0.00   0.00   0.00   0.00 
04:57:44    349.888      21.50       9.90      23.67      50.00     766.28     436.90     141.72      60.52      62.04       0.00      0.00   0.00   0.00   0.00   0.00   0.00   0.00   1.00   0.00   0.00   0.00   0.00   0.00   0.00 
04:57:49    349.819      21.50       9.90      23.67      50.00     768.18     436.73     141.72      60.52      61.97       0.00      0.00   0.00   0.00   0.00   0.00   0.00   0.00   1.20   0.00   0.00   0.00   0.00   0.00   0.00 
04:57:54    349.747      21.50       9.90      23.67      50.00     769.69     435.89     141.72      60.52      61.87       0.00      0.00   0.00   0.00   0.00   0.00   0.00   0.00   1.40   0.00   0.00   0.00   0.00   0.00   0.00 
04:57:59    349.676      21.50       9.90      23.67      50.00     771.19     436.13     141.72      60.52      61.77       0.00      0.00   0.00   0.00   0.00   0.00   0.00   0.00   1.60   0.00   0.00   0.00   0.00   0.00   0.00 
04:58:04    349.603      21.50       9.90      23.67      50.00     772.44     435.39     141.72      60.52      61.67       0.00      0.00   0.00   0.00   0.00   0.00   0.00   0.00   1.80   0.00   0.00   0.00   0.00   0.00   0.00 
04:58:10    349.528      21.50       9.90      23.67      50.00     774.70     435.22     141.72      60.52      61.57       0.00      0.00   0.00   0.00   0.00   0.00   0.00   0.00   2.00   0.00   0.00   0.00   0.00   0.00   0.00 
04:58:15    349.462      21.50       9.90      23.67      50.00     757.93     438.06     141.72      60.52      62.11       0.00      0.00   0.00   0.00   0.00   0.00   0.00   0.00   0.00   0.00   0.00   0.00   0.00   0.00   0.00 
04:58:20    349.395      21.50       9.90      23.67      50.00     751.60     439.55     141.72      60.52      62.47       0.00      0.00   0.00   0.00   0.00   0.00   0.00   0.00   0.00  -2.00   0.00   0.00   0.00   0.00   0.00 
04:58:25    349.325      21.50       9.90      23.67      50.00     752.42     439.55     141.72      60.52      62.55       0.00      0.00   0.00   0.00   0.00   0.00   0.00   0.00   0.00  -1.80   0.00   0.00   0.00   0.00   0.00 
04:58:30    349.258      21.50       9.90      23.67      50.00     753.02     439.55     141.72      60.52      62.60       0.00      0.00   0.00   0.00   0.00   0.00   0.00   0.00   0.00  -1.60   0.00   0.00   0.00   0.00   0.00 
04:58:35    349.193      21.50       9.90      23.67      50.00     753.34     439.64     141.72      60.52      62.58       0.00      0.00   0.00   0.00   0.00   0.00   0.00   0.00   0.00  -1.40   0.00   0.00   0.00   0.00   0.00 
04:58:40    349.127      21.50       9.90      23.67      50.00     754.01     439.14     141.72      60.52      62.58       0.00      0.00   0.00   0.00   0.00   0.00   0.00   0.00   0.00  -1.20   0.00   0.00   0.00   0.00   0.00 
04:58:46    349.061      21.50       9.90      23.67      50.00     754.51     438.80     141.72      60.52      62.54       0.00      0.00   0.00   0.00   0.00   0.00   0.00   0.00   0.00  -1.00   0.00   0.00   0.00   0.00   0.00 
04:58:51    348.993      21.50       9.90      23.67      50.00     754.85     439.23     141.72      60.52      62.47       0.00      0.00   0.00   0.00   0.00   0.00   0.00   0.00   0.00  -0.80   0.00   0.00   0.00   0.00   0.00 
04:58:56    348.925      21.50       9.90      23.67      50.00     755.50     438.97     141.72      60.52      62.39       0.00      0.00   0.00   0.00   0.00   0.00   0.00   0.00   0.00  -0.60   0.00   0.00   0.00   0.00   0.00 
04:59:01    348.857      21.50       9.90      23.67      50.00     756.34     439.14     141.72      60.52      62.30       0.00      0.00   0.00   0.00   0.00   0.00   0.00   0.00   0.00  -0.40   0.00   0.00   0.00   0.00   0.00 
04:59:06    348.788      21.50       9.90      23.67      50.00     756.85     438.97     141.72      60.52      62.16       0.00      0.00   0.00   0.00   0.00   0.00   0.00   0.00   0.00  -0.20   0.00   0.00   0.00   0.00   0.00 
04:59:11    348.718      21.50       9.90      23.67      50.00     757.52     438.97     141.72      60.52      62.00       0.00      0.00   0.00   0.00   0.00   0.00   0.00   0.00   0.00   0.00   0.00   0.00   0.00   0.00   0.00 
04:59:16    348.653      21.50       9.90      23.67      50.00     758.27     438.39     141.72      60.52      61.85       0.00      0.00   0.00   0.00   0.00   0.00   0.00   0.00   0.00   0.20   0.00   0.00   0.00   0.00   0.00 
04:59:22    348.585      21.50       9.90      23.67      50.00     758.60     437.98     141.72      60.52      61.66       0.00      0.00   0.00   0.00   0.00   0.00   0.00   0.00   0.00   0.40   0.00   0.00   0.00   0.00   0.00 
04:59:27    348.518      21.50       9.90      23.67      50.00     759.43     438.22     141.72      60.52      61.42       0.00      0.00   0.00   0.00   0.00   0.00   0.00   0.00   0.00   0.60   0.00   0.00   0.00   0.00   0.00 
04:59:32    348.450      21.50       9.90      23.67      50.00     759.85     438.22     141.72      60.52      61.19       0.00      0.00   0.00   0.00   0.00   0.00   0.00   0.00   0.00   0.80   0.00   0.00   0.00   0.00   0.00 
04:59:37    348.383      21.50       9.90      23.67      50.00     760.77     438.47     141.72      60.52      60.99       0.00      0.00   0.00   0.00   0.00   0.00   0.00   0.00   0.00   1.00   0.00   0.00   0.00   0.00   0.00 
04:59:42    348.314      21.50       9.90      23.67      50.00     761.35     437.81     141.72      60.52      60.72       0.00      0.00   0.00   0.00   0.00   0.00   0.00   0.00   0.00   1.20   0.00   0.00   0.00   0.00   0.00 
04:59:47    348.247      21.50       9.90      23.67      50.00     761.85     437.72     141.72      60.52      60.43       0.00      0.00   0.00   0.00   0.00   0.00   0.00   0.00   0.00   1.40   0.00   0.00   0.00   0.00   0.00 
04:59:53    348.178      21.50       9.90      23.67      50.00     762.69     437.81     141.72      60.52      60.13       0.00      0.00   0.00   0.00   0.00   0.00   0.00   0.00   0.00   1.60   0.00   0.00   0.00   0.00   0.00 
04:59:58    348.107      21.50       9.90      23.67      50.00     762.93     437.64     141.72      60.52      59.82       0.00      0.00   0.00   0.00   0.00   0.00   0.00   0.00   0.00   1.80   0.00   0.00   0.00   0.00   0.00 
05:00:03    348.033      21.50       9.90      23.67      50.00     763.85     436.97     141.72      60.52      59.52       0.00      0.00   0.00   0.00   0.00   0.00   0.00   0.00   0.00   2.00   0.00   0.00   0.00   0.00   0.00 
05:00:08    347.966      21.50       9.90      23.67      50.00     757.69     438.22     141.72      60.52      61.84       0.00      0.00   0.00   0.00   0.00   0.00   0.00   0.00   0.00   0.00   0.00   0.00   0.00   0.00   0.00 
05:00:13    347.899      21.50       9.90      23.67      50.00     758.27     438.39     141.72      60.52      62.47       0.00      0.00   0.00   0.00   0.00   0.00   0.00   0.00   0.00   0.00  -2.00   0.00   0.00   0.00   0.00 
05:00:18    347.834      21.50       9.90      23.67      50.00     758.34     438.80     141.72      60.52      62.46       0.00      0.00   0.00   0.00   0.00   0.00   0.00   0.00   0.00   0.00  -1.80   0.00   0.00   0.00   0.00 
05:00:23    347.764      21.50       9.90      23.67      50.00     758.34     438.89     141.72      60.52      62.44       0.00      0.00   0.00   0.00   0.00   0.00   0.00   0.00   0.00   0.00  -1.60   0.00   0.00   0.00   0.00 
05:00:29    347.696      21.50       9.90      23.67      50.00     758.43     438.56     141.72      60.52      62.37       0.00      0.00   0.00   0.00   0.00   0.00   0.00   0.00   0.00   0.00  -1.40   0.00   0.00   0.00   0.00 
05:00:34    347.632      21.50       9.90      23.67      50.00     758.27     438.97     141.72      60.52      62.30       0.00      0.00   0.00   0.00   0.00   0.00   0.00   0.00   0.00   0.00  -1.20   0.00   0.00   0.00   0.00 
05:00:39    347.566      21.50       9.90      23.67      50.00     758.17     439.23     141.72      60.52      62.24       0.00      0.00   0.00   0.00   0.00   0.00   0.00   0.00   0.00   0.00  -1.00   0.00   0.00   0.00   0.00 
05:00:44    347.496      21.50       9.90      23.67      50.00     758.01     439.23     141.72      60.52      62.16       0.00      0.00   0.00   0.00   0.00   0.00   0.00   0.00   0.00   0.00  -0.80   0.00   0.00   0.00   0.00 
05:00:49    347.429      21.50       9.90      23.67      50.00     757.76     438.64     141.72      60.52      62.06       0.00      0.00   0.00   0.00   0.00   0.00   0.00   0.00   0.00   0.00  -0.60   0.00   0.00   0.00   0.00 
05:00:54    347.360      21.50       9.90      23.67      50.00     757.85     438.89     141.72      60.52      61.93       0.00      0.00   0.00   0.00   0.00   0.00   0.00   0.00   0.00   0.00  -0.40   0.00   0.00   0.00   0.00 
05:00:59    347.295      21.50       9.90      23.67      50.00     757.76     438.80     141.72      60.52      61.84       0.00      0.00   0.00   0.00   0.00   0.00   0.00   0.00   0.00   0.00  -0.20   0.00   0.00   0.00   0.00 
05:01:05    347.227      21.50       9.90      23.67      50.00     757.85     438.89     141.72      60.52      61.74       0.00      0.00   0.00   0.00   0.00   0.00   0.00   0.00   0.00   0.00   0.00   0.00   0.00   0.00   0.00 
05:01:10    347.160      21.50       9.90      23.67      50.00     757.69     438.64     141.72      60.52      61.62       0.00      0.00   0.00   0.00   0.00   0.00   0.00   0.00   0.00   0.00   0.20   0.00   0.00   0.00   0.00 
05:01:15    347.092      21.50       9.90      23.67      50.00     757.69     438.30     141.72      60.52      61.47       0.00      0.00   0.00   0.00   0.00   0.00   0.00   0.00   0.00   0.00   0.40   0.00   0.00   0.00   0.00 
05:01:20    347.027      21.50       9.90      23.67      50.00     757.52     438.30     141.72      60.52      61.33       0.00      0.00   0.00   0.00   0.00   0.00   0.00   0.00   0.00   0.00   0.60   0.00   0.00   0.00   0.00 
05:01:25    346.964      21.50       9.90      23.67      50.00     757.52     438.64     141.72      60.52      61.18       0.00      0.00   0.00   0.00   0.00   0.00   0.00   0.00   0.00   0.00   0.80   0.00   0.00   0.00   0.00 
05:01:30    346.893      21.50       9.90      23.67      50.00     757.18     438.22     141.72      60.52      61.01       0.00      0.00   0.00   0.00   0.00   0.00   0.00   0.00   0.00   0.00   1.00   0.00   0.00   0.00   0.00 
05:01:35    346.830      21.50       9.90      23.67      50.00     757.26     438.80     141.72      60.52      61.70       0.00      0.00   0.00   0.00   0.00   0.00   0.00   0.00   0.00   0.00   1.20   0.00   0.00   0.00   0.00 
05:01:41    346.762      21.50       9.90      23.67      50.00     757.18     438.89     141.72      60.52      61.53       0.00      0.00   0.00   0.00   0.00   0.00   0.00   0.00   0.00   0.00   1.40   0.00   0.00   0.00   0.00 
05:01:46    346.696      21.50       9.90      23.67      50.00     757.26     438.89     141.72      60.52      61.41       0.00      0.00   0.00   0.00   0.00   0.00   0.00   0.00   0.00   0.00   1.60   0.00   0.00   0.00   0.00 
05:01:51    346.628      21.50       9.90      23.67      50.00     757.09     438.89     141.72      60.52      61.31       0.00      0.00   0.00   0.00   0.00   0.00   0.00   0.00   0.00   0.00   1.80   0.00   0.00   0.00   0.00 
05:01:56    346.562      21.50       9.90      23.67      50.00     757.43     438.89     141.72      60.52      61.17       0.00      0.00   0.00   0.00   0.00   0.00   0.00   0.00   0.00   0.00   2.00   0.00   0.00   0.00   0.00 
05:02:01    346.494      21.50       9.90      23.67      50.00     757.43     438.73     141.72      60.52      62.08       0.00      0.00   0.00   0.00   0.00   0.00   0.00   0.00   0.00   0.00   0.00   0.00   0.00   0.00   0.00 
05:02:06    346.428      21.50       9.90      23.67      50.00     759.76     438.47     141.72      60.52      62.30       0.00      0.00   0.00   0.00   0.00   0.00   0.00   0.00   0.00   0.00   0.00  -2.00   0.00   0.00   0.00 
05:02:11    346.359      21.50       9.90      23.67      50.00     759.93     437.72     141.72      60.52      62.31       0.00      0.00   0.00   0.00   0.00   0.00   0.00   0.00   0.00   0.00   0.00  -1.80   0.00   0.00   0.00 
05:02:17    346.294      21.50       9.90      23.67      50.00     759.26     437.98     141.72      60.52      62.26       0.00      0.00   0.00   0.00   0.00   0.00   0.00   0.00   0.00   0.00   0.00  -1.60   0.00   0.00   0.00 
05:02:22    346.226      21.50       9.90      23.67      50.00     759.26     437.98     141.72      60.52      62.24       0.00      0.00   0.00   0.00   0.00   0.00   0.00   0.00   0.00   0.00   0.00  -1.40   0.00   0.00   0.00 
05:02:27    346.160      21.50       9.90      23.67      50.00     759.26     438.22     141.72      60.52      62.21       0.00      0.00   0.00   0.00   0.00   0.00   0.00   0.00   0.00   0.00   0.00  -1.20   0.00   0.00   0.00 
05:02:32    346.095      21.50       9.90      23.67      50.00     759.01     438.56     141.72      60.52      62.18       0.00      0.00   0.00   0.00   0.00   0.00   0.00   0.00   0.00   0.00   0.00  -1.00   0.00   0.00   0.00 
05:02:37    346.026      21.50       9.90      23.67      50.00     758.51     438.30     141.72      60.52      62.14       0.00      0.00   0.00   0.00   0.00   0.00   0.00   0.00   0.00   0.00   0.00  -0.80   0.00   0.00   0.00 
05:02:42    345.958      21.50       9.90      23.67      50.00     758.51     438.64     141.72      60.52      62.11       0.00      0.00   0.00   0.00   0.00   0.00   0.00   0.00   0.00   0.00   0.00  -0.60   0.00   0.00   0.00 
05:02:47    345.892      21.50       9.90      23.67      50.00     758.17     438.06     141.72      60.52      62.06       0.00      0.00   0.00   0.00   0.00   0.00   0.00   0.00   0.00   0.00   0.00  -0.40   0.00   0.00   0.00 
05:02:52    345.828      21.50       9.90      23.67      50.00     758.10     438.39     141.72      60.52      62.01       0.00      0.00   0.00   0.00   0.00   0.00   0.00   0.00   0.00   0.00   0.00  -0.20   0.00   0.00   0.00 
05:02:58    345.762      21.50       9.90      23.67      50.00     757.69     438.22     141.72      60.52      61.96       0.00      0.00   0.00   0.00   0.00   0.00   0.00   0.00   0.00   0.00   0.00   0.00   0.00   0.00   0.00 
05:03:03    345.694      21.50       9.90      23.67      50.00     757.35     438.39     141.72      60.52      61.90       0.00      0.00   0.00   0.00   0.00   0.00   0.00   0.00   0.00   0.00   0.00   0.20   0.00   0.00   0.00 
05:03:08    345.628      21.50       9.90      23.67      50.00     757.26     438.73     141.72      60.52      61.86       0.00      0.00   0.00   0.00   0.00   0.00   0.00   0.00   0.00   0.00   0.00   0.40   0.00   0.00   0.00 
05:03:13    345.562      21.50       9.90      23.67      50.00     756.75     438.80     141.72      60.52      61.81       0.00      0.00   0.00   0.00   0.00   0.00   0.00   0.00   0.00   0.00   0.00   0.60   0.00   0.00   0.00 
05:03:18    345.497      21.50       9.90      23.67      50.00     756.51     439.06     141.72      60.52      61.77       0.00      0.00   0.00   0.00   0.00   0.00   0.00   0.00   0.00   0.00   0.00   0.80   0.00   0.00   0.00 
05:03:23    345.429      21.50       9.90      23.67      50.00     756.75     438.64     141.72      60.52      61.71       0.00      0.00   0.00   0.00   0.00   0.00   0.00   0.00   0.00   0.00   0.00   1.00   0.00   0.00   0.00 
05:03:28    345.363      21.50       9.90      23.67      50.00     756.27     438.80     141.72      60.52      61.65       0.00      0.00   0.00   0.00   0.00   0.00   0.00   0.00   0.00   0.00   0.00   1.20   0.00   0.00   0.00 
05:03:33    345.298      21.50       9.90      23.67      50.00     755.93     438.97     141.72      60.52      61.58       0.00      0.00   0.00   0.00   0.00   0.00   0.00   0.00   0.00   0.00   0.00   1.40   0.00   0.00   0.00 
05:03:39    345.234      21.50       9.90      23.67      50.00     755.93     438.89     141.72      60.52      61.51       0.00      0.00   0.00   0.00   0.00   0.00   0.00   0.00   0.00   0.00   0.00   1.60   0.00   0.00   0.00 
05:03:44    345.168      21.50       9.90      23.67      50.00     755.43     438.73     141.72      60.52      61.44       0.00      0.00   0.00   0.00   0.00   0.00   0.00   0.00   0.00   0.00   0.00   1.80   0.00   0.00   0.00 
05:03:49    345.102      21.50       9.90      23.67      50.00     755.35     439.06     141.72      60.52      61.38       0.00      0.00   0.00   0.00   0.00   0.00   0.00   0.00   0.00   0.00   0.00   2.00   0.00   0.00   0.00 
05:03:54    345.034      21.50       9.90      23.67      50.00     757.93     439.14     141.72      60.52      61.83       0.00      0.00   0.00   0.00   0.00   0.00   0.00   0.00   0.00   0.00   0.00   0.00   0.00   0.00   0.00 
05:03:59    344.967      21.50       9.90      23.67      50.00     759.85     438.64     141.72      60.52      62.01       0.00      0.00   0.00   0.00   0.00   0.00   0.00   0.00   0.00   0.00   0.00   0.00  -2.00   0.00   0.00 
05:04:04    344.901      21.50       9.90      23.67      50.00     759.85     438.56     141.72      60.52      61.98       0.00      0.00   0.00   0.00   0.00   0.00   0.00   0.00   0.00   0.00   0.00   0.00  -1.80   0.00   0.00 
05:04:09    344.837      21.50       9.90      23.67      50.00     759.43     438.39     141.72      60.52      61.96       0.00      0.00   0.00   0.00   0.00   0.00   0.00   0.00   0.00   0.00   0.00   0.00  -1.60   0.00   0.00 
05:04:15    344.771      21.50       9.90      23.67      50.00     759.52     438.30     141.72      60.52      61.94       0.00      0.00   0.00   0.00   0.00   0.00   0.00   0.00   0.00   0.00   0.00   0.00  -1.40   0.00   0.00 
05:04:20    344.702      21.50       9.90      23.67      50.00     759.26     439.06     141.72      60.52      61.90       0.00      0.00   0.00   0.00   0.00   0.00   0.00   0.00   0.00   0.00   0.00   0.00  -1.20   0.00   0.00 
05:04:25    344.633      21.50       9.90      23.67      50.00     759.26     438.06     141.72      60.52      61.88       0.00      0.00   0.00   0.00   0.00   0.00   0.00   0.00   0.00   0.00   0.00   0.00  -1.00   0.00   0.00 
05:04:30    344.571      21.50       9.90      23.67      50.00     758.68     438.73     141.72      60.52      61.85       0.00      0.00   0.00   0.00   0.00   0.00   0.00   0.00   0.00   0.00   0.00   0.00  -0.80   0.00   0.00 
05:04:35    344.505      21.50       9.90      23.67      50.00     758.77     438.30     141.72      60.52      61.81       0.00      0.00   0.00   0.00   0.00   0.00   0.00   0.00   0.00   0.00   0.00   0.00  -0.60   0.00   0.00 
05:04:40    344.439      21.50       9.90      23.67      50.00     758.43     438.73     141.72      60.52      61.78       0.00      0.00   0.00   0.00   0.00   0.00   0.00   0.00   0.00   0.00   0.00   0.00  -0.40   0.00   0.00 
05:04:45    344.371      21.50       9.90      23.67      50.00     758.10     438.80     141.72      60.52      61.74       0.00      0.00   0.00   0.00   0.00   0.00   0.00   0.00   0.00   0.00   0.00   0.00  -0.20   0.00   0.00 
05:04:51    344.307      21.50       9.90      23.67      50.00     757.85     438.30     141.72      60.52      61.72       0.00      0.00   0.00   0.00   0.00   0.00   0.00   0.00   0.00   0.00   0.00   0.00   0.00   0.00   0.00 
05:04:56    344.240      21.50       9.90      23.67      50.00     757.69     438.73     141.72      60.52      61.68       0.00      0.00   0.00   0.00   0.00   0.00   0.00   0.00   0.00   0.00   0.00   0.00   0.20   0.00   0.00 
05:05:01    344.174      21.50       9.90      23.67      50.00     757.18     438.64     141.72      60.52      61.66       0.00      0.00   0.00   0.00   0.00   0.00   0.00   0.00   0.00   0.00   0.00   0.00   0.40   0.00   0.00 
05:05:06    344.108      21.50       9.90      23.67      50.00     756.92     438.39     141.72      60.52      61.62       0.00      0.00   0.00   0.00   0.00   0.00   0.00   0.00   0.00   0.00   0.00   0.00   0.60   0.00   0.00 
05:05:11    344.041      21.50       9.90      23.67      50.00     757.01     438.80     141.72      60.52      61.58       0.00      0.00   0.00   0.00   0.00   0.00   0.00   0.00   0.00   0.00   0.00   0.00   0.80   0.00   0.00 
05:05:16    343.977      21.50       9.90      23.67      50.00     756.43     438.80     141.72      60.52      61.54       0.00      0.00   0.00   0.00   0.00   0.00   0.00   0.00   0.00   0.00   0.00   0.00   1.00   0.00   0.00 
05:05:21    343.909      21.50       9.90      23.67      50.00     756.68     439.06     141.72      60.52      61.50       0.00      0.00   0.00   0.00   0.00   0.00   0.00   0.00   0.00   0.00   0.00   0.00   1.20   0.00   0.00 
05:05:27    343.844      21.50       9.90      23.67      50.00     756.27     439.06     141.72      60.52      61.48       0.00      0.00   0.00   0.00   0.00   0.00   0.00   0.00   0.00   0.00   0.00   0.00   1.40   0.00   0.00 
05:05:32    343.780      21.50       9.90      23.67      50.00     755.76     439.06     141.72      60.52      61.42       0.00      0.00   0.00   0.00   0.00   0.00   0.00   0.00   0.00   0.00   0.00   0.00   1.60   0.00   0.00 
05:05:37    343.713      21.50       9.90      23.67      50.00     755.76     439.40     141.72      60.52      61.40       0.00      0.00   0.00   0.00   0.00   0.00   0.00   0.00   0.00   0.00   0.00   0.00   1.80   0.00   0.00 
05:05:42    343.649      21.50       9.90      23.67      50.00     755.26     438.97     141.72      60.52      61.36       0.00      0.00   0.00   0.00   0.00   0.00   0.00   0.00   0.00   0.00   0.00   0.00   2.00   0.00   0.00 
05:05:47    343.583      21.50       9.90      23.67      50.00     757.52     438.80     141.72      60.52      61.58       0.00      0.00   0.00   0.00   0.00   0.00   0.00   0.00   0.00   0.00   0.00   0.00   0.00   0.00   0.00 
05:05:52    343.517      21.50       9.90      23.67      50.00     759.68     438.30     141.72      60.52      61.68       0.00      0.00   0.00   0.00   0.00   0.00   0.00   0.00   0.00   0.00   0.00   0.00   0.00  -2.00   0.00 
05:05:58    343.451      21.50       9.90      23.67      50.00     759.35     438.47     141.72      60.52      61.65       0.00      0.00   0.00   0.00   0.00   0.00   0.00   0.00   0.00   0.00   0.00   0.00   0.00  -1.80   0.00 
05:06:03    343.385      21.50       9.90      23.67      50.00     759.35     438.47     141.72      60.52      61.63       0.00      0.00   0.00   0.00   0.00   0.00   0.00   0.00   0.00   0.00   0.00   0.00   0.00  -1.60   0.00 
05:06:08    343.318      21.50       9.90      23.67      50.00     759.18     438.73     141.72      60.52      61.60       0.00      0.00   0.00   0.00   0.00   0.00   0.00   0.00   0.00   0.00   0.00   0.00   0.00  -1.40   0.00 
05:06:13    343.253      21.50       9.90      23.67      50.00     758.77     438.39     141.72      60.52      61.58       0.00      0.00   0.00   0.00   0.00   0.00   0.00   0.00   0.00   0.00   0.00   0.00   0.00  -1.20   0.00 
05:06:18    343.187      21.50       9.90      23.67      50.00     758.51     438.64     141.72      60.52      60.74       0.00      0.00   0.00   0.00   0.00   0.00   0.00   0.00   0.00   0.00   0.00   0.00   0.00  -1.00   0.00 
05:06:23    343.122      21.50       9.90      23.67      50.00     758.34     438.73     141.72      60.52      60.70       0.00      0.00   0.00   0.00   0.00   0.00   0.00   0.00   0.00   0.00   0.00   0.00   0.00  -0.80   0.00 
05:06:28    343.059      21.50       9.90      23.67      50.00     758.17     438.73     141.72      60.52      60.66       0.00      0.00   0.00   0.00   0.00   0.00   0.00   0.00   0.00   0.00   0.00   0.00   0.00  -0.60   0.00 
05:06:34    342.990      21.50       9.90      23.67      50.00     758.17     438.64     141.72      60.52      60.68       0.00      0.00   0.00   0.00   0.00   0.00   0.00   0.00   0.00   0.00   0.00   0.00   0.00  -0.40   0.00 
05:06:39    342.923      21.50       9.90      23.67      50.00     758.10     438.73     141.72      60.52      60.64       0.00      0.00   0.00   0.00   0.00   0.00   0.00   0.00   0.00   0.00   0.00   0.00   0.00  -0.20   0.00 
05:06:44    342.857      21.50       9.90      23.67      50.00     757.85     438.64     141.72      60.52      60.61       0.00      0.00   0.00   0.00   0.00   0.00   0.00   0.00   0.00   0.00   0.00   0.00   0.00   0.00   0.00 
05:06:49    342.794      21.50       9.90      23.67      50.00     757.69     439.06     141.72      60.52      60.61       0.00      0.00   0.00   0.00   0.00   0.00   0.00   0.00   0.00   0.00   0.00   0.00   0.00   0.20   0.00 
05:06:54    342.727      21.50       9.90      23.67      50.00     757.18     438.80     141.72      60.52      60.57       0.00      0.00   0.00   0.00   0.00   0.00   0.00   0.00   0.00   0.00   0.00   0.00   0.00   0.40   0.00 
05:06:59    342.664      21.50       9.90      23.67      50.00     757.26     438.73     141.72      60.52      60.56       0.00      0.00   0.00   0.00   0.00   0.00   0.00   0.00   0.00   0.00   0.00   0.00   0.00   0.60   0.00 
05:07:04    342.598      21.50       9.90      23.67      50.00     756.85     439.14     141.72      60.52      60.49       0.00      0.00   0.00   0.00   0.00   0.00   0.00   0.00   0.00   0.00   0.00   0.00   0.00   0.80   0.00 
05:07:10    342.532      21.50       9.90      23.67      50.00     756.85     438.97     141.72      60.52      60.47       0.00      0.00   0.00   0.00   0.00   0.00   0.00   0.00   0.00   0.00   0.00   0.00   0.00   1.00   0.00 
05:07:15    342.467      21.50       9.90      23.67      50.00     756.34     438.97     141.72      60.52      60.42       0.00      0.00   0.00   0.00   0.00   0.00   0.00   0.00   0.00   0.00   0.00   0.00   0.00   1.20   0.00 
05:07:20    342.401      21.50       9.90      23.67      50.00     756.17     438.73     141.72      60.52      60.40       0.00      0.00   0.00   0.00   0.00   0.00   0.00   0.00   0.00   0.00   0.00   0.00   0.00   1.40   0.00 
05:07:25    342.338      21.50       9.90      23.67      50.00     756.01     438.73     141.72      60.52      60.38       0.00      0.00   0.00   0.00   0.00   0.00   0.00   0.00   0.00   0.00   0.00   0.00   0.00   1.60   0.00 
05:07:30    342.273      21.50       9.90      23.67      50.00     755.76     439.31     141.72      60.52      60.30       0.00      0.00   0.00   0.00   0.00   0.00   0.00   0.00   0.00   0.00   0.00   0.00   0.00   1.80   0.00 
05:07:35    342.208      21.50       9.90      23.67      50.00     755.76     438.80     141.72      60.52      60.29       0.00      0.00   0.00   0.00   0.00   0.00   0.00   0.00   0.00   0.00   0.00   0.00   0.00   2.00   0.00 
05:07:40    342.141      21.50       9.90      23.67      50.00     757.43     438.97     141.72      60.52      60.36       0.00      0.00   0.00   0.00   0.00   0.00   0.00   0.00   0.00   0.00   0.00   0.00   0.00   0.00   0.00 
05:07:45    342.076      21.50       9.90      23.67      50.00     759.35     438.47     141.72      60.52      60.45       0.00      0.00   0.00   0.00   0.00   0.00   0.00   0.00   0.00   0.00   0.00   0.00   0.00   0.00  -2.00 
05:07:51    342.012      21.50       9.90      23.67      50.00     759.35     438.15     141.72      60.52      60.42       0.00      0.00   0.00   0.00   0.00   0.00   0.00   0.00   0.00   0.00   0.00   0.00   0.00   0.00  -1.80 
05:07:56    341.948      21.50       9.90      23.67      50.00     758.85     438.73     141.72      60.52      60.43       0.00      0.00   0.00   0.00   0.00   0.00   0.00   0.00   0.00   0.00   0.00   0.00   0.00   0.00  -1.60 
05:08:01    341.884      21.50       9.90      23.67      50.00     758.60     438.39     141.72      60.52      60.39       0.00      0.00   0.00   0.00   0.00   0.00   0.00   0.00   0.00   0.00   0.00   0.00   0.00   0.00  -1.40 
05:08:06    341.818      21.50       9.90      23.67      50.00     758.68     438.64     141.72      60.52      60.37       0.00      0.00   0.00   0.00   0.00   0.00   0.00   0.00   0.00   0.00   0.00   0.00   0.00   0.00  -1.20 
05:08:11    341.754      21.50       9.90      23.67      50.00     758.34     438.64     141.72      60.52      60.32       0.00      0.00   0.00   0.00   0.00   0.00   0.00   0.00   0.00   0.00   0.00   0.00   0.00   0.00  -1.00 
05:08:16    341.689      21.50       9.90      23.67      50.00     758.43     439.06     141.72      60.52      60.32       0.00      0.00   0.00   0.00   0.00   0.00   0.00   0.00   0.00   0.00   0.00   0.00   0.00   0.00  -0.80 
05:08:21    341.622      21.50       9.90      23.67      50.00     758.34     438.30     141.72      60.52      60.28       0.00      0.00   0.00   0.00   0.00   0.00   0.00   0.00   0.00   0.00   0.00   0.00   0.00   0.00  -0.60 
05:08:27    341.557      21.50       9.90      23.67      50.00     757.85     438.89     141.72      60.52      60.25       0.00      0.00   0.00   0.00   0.00   0.00   0.00   0.00   0.00   0.00   0.00   0.00   0.00   0.00  -0.40 
05:08:32    341.492      21.50       9.90      23.67      50.00     758.01     438.73     141.72      60.52      60.21       0.00      0.00   0.00   0.00   0.00   0.00   0.00   0.00   0.00   0.00   0.00   0.00   0.00   0.00  -0.20 
05:08:37    341.426      21.50       9.90      23.67      50.00     757.85     438.73     141.72      60.52      60.18       0.00      0.00   0.00   0.00   0.00   0.00   0.00   0.00   0.00   0.00   0.00   0.00   0.00   0.00   0.00 
05:08:42    341.363      21.50       9.90      23.67      50.00     757.43     438.47     141.72      60.52      60.09       0.00      0.00   0.00   0.00   0.00   0.00   0.00   0.00   0.00   0.00   0.00   0.00   0.00   0.00   0.20 
05:08:47    341.298      21.50       9.90      23.67      50.00     757.35     438.97     141.72      60.52      60.04       0.00      0.00   0.00   0.00   0.00   0.00   0.00   0.00   0.00   0.00   0.00   0.00   0.00   0.00   0.40 
05:08:52    341.230      21.50       9.90      23.67      50.00     757.09     439.06     141.72      60.52      60.02       0.00      0.00   0.00   0.00   0.00   0.00   0.00   0.00   0.00   0.00   0.00   0.00   0.00   0.00   0.60 
05:08:57    341.170      21.50       9.90      23.67      50.00     757.01     438.80     141.72      60.52      60.01       0.00      0.00   0.00   0.00   0.00   0.00   0.00   0.00   0.00   0.00   0.00   0.00   0.00   0.00   0.80 
05:09:03    341.102      21.50       9.90      23.67      50.00     756.92     439.06     141.72      60.52      59.97       0.00      0.00   0.00   0.00   0.00   0.00   0.00   0.00   0.00   0.00   0.00   0.00   0.00   0.00   1.00 
05:09:08    341.038      21.50       9.90      23.67      50.00     756.85     438.80     141.72      60.52      59.90       0.00      0.00   0.00   0.00   0.00   0.00   0.00   0.00   0.00   0.00   0.00   0.00   0.00   0.00   1.20 
05:09:13    340.972      21.50       9.90      23.67      50.00     756.60     439.06     141.72      60.52      59.88       0.00      0.00   0.00   0.00   0.00   0.00   0.00   0.00   0.00   0.00   0.00   0.00   0.00   0.00   1.40 
05:09:18    340.906      21.50       9.90      23.67      50.00     756.43     438.89     141.72      60.52      59.85       0.00      0.00   0.00   0.00   0.00   0.00   0.00   0.00   0.00   0.00   0.00   0.00   0.00   0.00   1.60 
05:09:23    340.843      21.50       9.90      23.67      50.00     756.34     438.97     141.72      60.52      59.84       0.00      0.00   0.00   0.00   0.00   0.00   0.00   0.00   0.00   0.00   0.00   0.00   0.00   0.00   1.80 
05:09:28    340.780      21.50       9.90      23.67      50.00     756.10     439.14     141.72      60.52      59.83       0.00      0.00   0.00   0.00   0.00   0.00   0.00   0.00   0.00   0.00   0.00   0.00   0.00   0.00   2.00 
05:09:33    340.714      21.50       9.90      23.67      50.00     757.52     438.73     141.72      60.52      59.92       0.00      0.00   0.00   0.00   0.00   0.00   0.00   0.00   0.00   0.00   0.00   0.00   0.00   0.00   0.00 
05:09:34    340.710      21.50       9.90      23.67      50.00     757.52     438.73     141.72      60.52      59.96       0.00      0.00   0.00   0.00   0.00   0.00   0.00   0.00   0.00   0.00   0.00   0.00   0.00   0.00   0.00 
