Stare Time: 29-Oct-2019 04:09:39
    Time    Current       EPUg       EPUp        U50        U90         Fx         Fy      SizeX      SizeY     BL11I0  InjectEff      CH11   CH12   CH13   CH14   CH15   CH16   CH17   CH21   CH22   CH23   CH24   CH25   CH26   CH27
04:09:39    361.727      21.50       0.00      23.67      50.00     757.85     439.47     141.72      60.52      57.42      32.89      0.00   0.00   0.00   0.00   0.00   0.00   0.00   0.00   0.00   0.00   0.00   0.00   0.00   0.00 
04:09:44    361.651      21.50       0.00      23.67      50.00     759.43     439.55     141.72      60.52      56.64      32.89     -2.00   0.00   0.00   0.00   0.00   0.00   0.00   0.00   0.00   0.00   0.00   0.00   0.00   0.00 
04:09:49    361.575      21.50       0.00      23.67      50.00     759.52     439.23     141.72      60.52      56.68      32.89     -1.80   0.00   0.00   0.00   0.00   0.00   0.00   0.00   0.00   0.00   0.00   0.00   0.00   0.00 
04:09:54    361.501      21.50       0.00      23.67      50.00     759.26     438.97     141.72      60.52      56.70      32.89     -1.60   0.00   0.00   0.00   0.00   0.00   0.00   0.00   0.00   0.00   0.00   0.00   0.00   0.00 
04:09:59    362.300      21.50       0.00      23.67      50.00     759.35     439.40     141.72      60.52      56.71      31.69     -1.40   0.00   0.00   0.00   0.00   0.00   0.00   0.00   0.00   0.00   0.00   0.00   0.00   0.00 
04:10:05    362.225      21.50       0.00      23.67      50.00     759.10     439.23     141.72      60.52      56.83      31.69     -1.20   0.00   0.00   0.00   0.00   0.00   0.00   0.00   0.00   0.00   0.00   0.00   0.00   0.00 
04:10:10    362.149      21.50       0.00      23.67      50.00     758.60     439.23     141.72      60.52      56.82      31.69     -1.00   0.00   0.00   0.00   0.00   0.00   0.00   0.00   0.00   0.00   0.00   0.00   0.00   0.00 
04:10:15    362.072      21.50       0.00      23.67      50.00     758.68     438.80     141.72      60.52      56.86      31.69     -0.80   0.00   0.00   0.00   0.00   0.00   0.00   0.00   0.00   0.00   0.00   0.00   0.00   0.00 
04:10:20    361.997      21.50       0.00      23.67      50.00     758.60     439.14     141.72      60.52      54.80      31.69     -0.60   0.00   0.00   0.00   0.00   0.00   0.00   0.00   0.00   0.00   0.00   0.00   0.00   0.00 
04:10:25    361.923      21.50       0.00      23.67      50.00     758.51     439.23     141.72      60.52      54.82      31.69     -0.40   0.00   0.00   0.00   0.00   0.00   0.00   0.00   0.00   0.00   0.00   0.00   0.00   0.00 
04:10:30    361.849      21.50       0.00      23.67      50.00     758.17     439.23     141.72      60.52      54.97      31.69     -0.20   0.00   0.00   0.00   0.00   0.00   0.00   0.00   0.00   0.00   0.00   0.00   0.00   0.00 
04:10:36    361.772      21.50       0.00      23.67      50.00     758.17     438.97     141.72      60.52      55.02      31.69      0.00   0.00   0.00   0.00   0.00   0.00   0.00   0.00   0.00   0.00   0.00   0.00   0.00   0.00 
04:10:41    361.699      21.50       0.00      23.67      50.00     757.85     438.97     141.72      60.52      55.01      31.69      0.20   0.00   0.00   0.00   0.00   0.00   0.00   0.00   0.00   0.00   0.00   0.00   0.00   0.00 
04:10:46    361.625      21.50       0.00      23.67      50.00     757.85     439.14     141.72      60.52      55.08       0.00      0.40   0.00   0.00   0.00   0.00   0.00   0.00   0.00   0.00   0.00   0.00   0.00   0.00   0.00 
04:10:51    361.548      21.50       0.00      23.67      50.00     757.69     439.40     141.72      60.52      55.12       0.00      0.60   0.00   0.00   0.00   0.00   0.00   0.00   0.00   0.00   0.00   0.00   0.00   0.00   0.00 
04:10:56    361.473      21.50       0.00      23.67      50.00     757.35     438.89     141.72      60.52      55.06       0.00      0.80   0.00   0.00   0.00   0.00   0.00   0.00   0.00   0.00   0.00   0.00   0.00   0.00   0.00 
04:11:01    361.403      21.50       0.00      23.67      50.00     757.18     439.47     141.72      60.52      55.17       0.00      1.00   0.00   0.00   0.00   0.00   0.00   0.00   0.00   0.00   0.00   0.00   0.00   0.00   0.00 
04:11:07    361.326      21.50       0.00      23.67      50.00     757.01     439.47     141.72      60.52      55.17       0.00      1.20   0.00   0.00   0.00   0.00   0.00   0.00   0.00   0.00   0.00   0.00   0.00   0.00   0.00 
04:11:12    361.250      21.50       0.00      23.67      50.00     757.01     439.31     141.72      60.52      55.20       0.00      1.40   0.00   0.00   0.00   0.00   0.00   0.00   0.00   0.00   0.00   0.00   0.00   0.00   0.00 
04:11:17    361.177      21.50       0.00      23.67      50.00     757.01     439.23     141.72      60.52      55.28       0.00      1.60   0.00   0.00   0.00   0.00   0.00   0.00   0.00   0.00   0.00   0.00   0.00   0.00   0.00 
04:11:22    361.104      21.50       0.00      23.67      50.00     756.60     439.40     141.72      60.52      55.32       0.00      1.80   0.00   0.00   0.00   0.00   0.00   0.00   0.00   0.00   0.00   0.00   0.00   0.00   0.00 
04:11:27    361.028      21.50       0.00      23.67      50.00     756.51     439.31     141.72      60.52      55.32       0.00      2.00   0.00   0.00   0.00   0.00   0.00   0.00   0.00   0.00   0.00   0.00   0.00   0.00   0.00 
04:11:32    360.954      21.50       0.00      23.67      50.00     757.93     439.40     141.72      60.52      54.63       0.00      0.00   0.00   0.00   0.00   0.00   0.00   0.00   0.00   0.00   0.00   0.00   0.00   0.00   0.00 
04:11:39    360.866      21.50       0.00      23.67      50.00     759.93     439.47     141.72      60.52      53.58       0.00      0.00  -2.00   0.00   0.00   0.00   0.00   0.00   0.00   0.00   0.00   0.00   0.00   0.00   0.00 
04:11:44    360.790      21.50       0.00      23.67      50.00     759.85     438.80     141.72      60.52      53.64       0.00      0.00  -1.80   0.00   0.00   0.00   0.00   0.00   0.00   0.00   0.00   0.00   0.00   0.00   0.00 
04:11:49    360.717      21.50       0.00      23.67      50.00     759.52     439.14     141.72      60.52      53.70       0.00      0.00  -1.60   0.00   0.00   0.00   0.00   0.00   0.00   0.00   0.00   0.00   0.00   0.00   0.00 
04:11:54    360.640      21.50       0.00      23.67      50.00     759.68     439.06     141.72      60.52      53.81       0.00      0.00  -1.40   0.00   0.00   0.00   0.00   0.00   0.00   0.00   0.00   0.00   0.00   0.00   0.00 
04:11:59    360.567      21.50       0.00      23.67      50.00     759.35     438.89     141.72      60.52      53.82       0.00      0.00  -1.20   0.00   0.00   0.00   0.00   0.00   0.00   0.00   0.00   0.00   0.00   0.00   0.00 
04:12:04    360.493      21.50       0.00      23.67      50.00     759.01     439.40     141.72      60.52      53.88       0.00      0.00  -1.00   0.00   0.00   0.00   0.00   0.00   0.00   0.00   0.00   0.00   0.00   0.00   0.00 
04:12:09    360.417      21.50       0.00      23.67      50.00     759.01     439.06     141.72      60.52      53.91       0.00      0.00  -0.80   0.00   0.00   0.00   0.00   0.00   0.00   0.00   0.00   0.00   0.00   0.00   0.00 
04:12:14    360.347      21.50       0.00      23.67      50.00     758.68     439.06     141.72      60.52      54.07       0.00      0.00  -0.60   0.00   0.00   0.00   0.00   0.00   0.00   0.00   0.00   0.00   0.00   0.00   0.00 
04:12:20    360.272      21.50       0.00      23.67      50.00     758.27     439.55     141.72      60.52      54.07       0.00      0.00  -0.40   0.00   0.00   0.00   0.00   0.00   0.00   0.00   0.00   0.00   0.00   0.00   0.00 
04:12:25    360.201      21.50       0.00      23.67      50.00     758.17     439.40     141.72      60.52      54.07       0.00      0.00  -0.20   0.00   0.00   0.00   0.00   0.00   0.00   0.00   0.00   0.00   0.00   0.00   0.00 
04:12:30    360.127      21.50       0.00      23.67      50.00     758.10     439.40     141.72      60.52      54.09       0.00      0.00   0.00   0.00   0.00   0.00   0.00   0.00   0.00   0.00   0.00   0.00   0.00   0.00   0.00 
04:12:35    360.051      21.50       0.00      23.67      50.00     757.69     439.64     141.72      60.52      54.25       0.00      0.00   0.20   0.00   0.00   0.00   0.00   0.00   0.00   0.00   0.00   0.00   0.00   0.00   0.00 
04:12:40    359.978      21.50       0.00      23.67      50.00     757.69     439.06     141.72      60.52      54.34       0.00      0.00   0.40   0.00   0.00   0.00   0.00   0.00   0.00   0.00   0.00   0.00   0.00   0.00   0.00 
04:12:45    359.906      21.50       0.00      23.67      50.00     757.01     439.55     141.72      60.52      54.37       0.00      0.00   0.60   0.00   0.00   0.00   0.00   0.00   0.00   0.00   0.00   0.00   0.00   0.00   0.00 
04:12:50    359.835      21.50       0.00      23.67      50.00     757.01     439.31     141.72      60.52      54.51       0.00      0.00   0.80   0.00   0.00   0.00   0.00   0.00   0.00   0.00   0.00   0.00   0.00   0.00   0.00 
04:12:55    359.761      21.50       0.00      23.67      50.00     756.85     439.47     141.72      60.52      54.54       0.00      0.00   1.00   0.00   0.00   0.00   0.00   0.00   0.00   0.00   0.00   0.00   0.00   0.00   0.00 
04:13:01    359.689      21.50       0.00      23.67      50.00     756.75     439.40     141.72      60.52      54.61       0.00      0.00   1.20   0.00   0.00   0.00   0.00   0.00   0.00   0.00   0.00   0.00   0.00   0.00   0.00 
04:13:06    359.613      21.50       0.00      23.67      50.00     756.43     440.31     141.72      60.52      54.67       0.00      0.00   1.40   0.00   0.00   0.00   0.00   0.00   0.00   0.00   0.00   0.00   0.00   0.00   0.00 
04:13:11    359.539      21.50       0.00      23.67      50.00     756.43     439.31     141.72      60.52      54.72       0.00      0.00   1.60   0.00   0.00   0.00   0.00   0.00   0.00   0.00   0.00   0.00   0.00   0.00   0.00 
04:13:16    359.465      21.50       0.00      23.67      50.00     756.17     439.47     141.72      60.52      54.77       0.00      0.00   1.80   0.00   0.00   0.00   0.00   0.00   0.00   0.00   0.00   0.00   0.00   0.00   0.00 
04:13:21    359.393      21.50       0.00      23.67      50.00     756.34     439.98     141.72      60.52      54.96       0.00      0.00   2.00   0.00   0.00   0.00   0.00   0.00   0.00   0.00   0.00   0.00   0.00   0.00   0.00 
04:13:26    359.318      21.50       0.00      23.67      50.00     757.26     439.23     141.72      60.52      53.93       0.00      0.00   0.00   0.00   0.00   0.00   0.00   0.00   0.00   0.00   0.00   0.00   0.00   0.00   0.00 
04:13:33    359.232      21.50       0.00      23.67      50.00     760.26     439.14     141.72      60.52      52.50       0.00      0.00   0.00  -2.00   0.00   0.00   0.00   0.00   0.00   0.00   0.00   0.00   0.00   0.00   0.00 
04:13:38    359.162      21.50       0.00      23.67      50.00     759.85     439.31     141.72      60.52      52.65       0.00      0.00   0.00  -1.80   0.00   0.00   0.00   0.00   0.00   0.00   0.00   0.00   0.00   0.00   0.00 
04:13:43    359.083      21.50       0.00      23.67      50.00     759.68     439.40     141.72      60.52      52.75       0.00      0.00   0.00  -1.60   0.00   0.00   0.00   0.00   0.00   0.00   0.00   0.00   0.00   0.00   0.00 
04:13:48    359.008      21.50       0.00      23.67      50.00     759.35     438.80     141.72      60.52      52.83       0.00      0.00   0.00  -1.40   0.00   0.00   0.00   0.00   0.00   0.00   0.00   0.00   0.00   0.00   0.00 
04:13:53    358.938      21.50       0.00      23.67      50.00     759.59     438.97     141.72      60.52      52.94       0.00      0.00   0.00  -1.20   0.00   0.00   0.00   0.00   0.00   0.00   0.00   0.00   0.00   0.00   0.00 
04:13:58    358.867      21.50       0.00      23.67      50.00     758.85     438.97     141.72      60.52      52.99       0.00      0.00   0.00  -1.00   0.00   0.00   0.00   0.00   0.00   0.00   0.00   0.00   0.00   0.00   0.00 
04:14:04    358.792      21.50       0.00      23.67      50.00     758.60     438.97     141.72      60.52      53.00       0.00      0.00   0.00  -0.80   0.00   0.00   0.00   0.00   0.00   0.00   0.00   0.00   0.00   0.00   0.00 
04:14:09    358.717      21.50       0.00      23.67      50.00     758.68     439.14     141.72      60.52      53.09       0.00      0.00   0.00  -0.60   0.00   0.00   0.00   0.00   0.00   0.00   0.00   0.00   0.00   0.00   0.00 
04:14:14    358.647      21.50       0.00      23.67      50.00     758.51     438.97     141.72      60.52      53.20       0.00      0.00   0.00  -0.40   0.00   0.00   0.00   0.00   0.00   0.00   0.00   0.00   0.00   0.00   0.00 
04:14:19    358.572      21.50       0.00      23.67      50.00     758.27     439.31     141.72      60.52      53.41       0.00      0.00   0.00  -0.20   0.00   0.00   0.00   0.00   0.00   0.00   0.00   0.00   0.00   0.00   0.00 
04:14:24    358.497      21.50       0.00      23.67      50.00     758.17     439.40     141.72      60.52      53.61       0.00      0.00   0.00   0.00   0.00   0.00   0.00   0.00   0.00   0.00   0.00   0.00   0.00   0.00   0.00 
04:14:29    358.422      21.50       0.00      23.67      50.00     757.76     439.40     141.72      60.52      53.68       0.00      0.00   0.00   0.20   0.00   0.00   0.00   0.00   0.00   0.00   0.00   0.00   0.00   0.00   0.00 
04:14:34    358.352      21.50       0.00      23.67      50.00     757.43     439.47     141.72      60.52      53.84       0.00      0.00   0.00   0.40   0.00   0.00   0.00   0.00   0.00   0.00   0.00   0.00   0.00   0.00   0.00 
04:14:40    358.276      21.50       0.00      23.67      50.00     757.43     439.64     141.72      60.52      53.99       0.00      0.00   0.00   0.60   0.00   0.00   0.00   0.00   0.00   0.00   0.00   0.00   0.00   0.00   0.00 
04:14:45    358.203      21.50       0.00      23.67      50.00     757.09     439.40     141.72      60.52      54.14       0.00      0.00   0.00   0.80   0.00   0.00   0.00   0.00   0.00   0.00   0.00   0.00   0.00   0.00   0.00 
04:14:50    358.131      21.50       0.00      23.67      50.00     756.92     440.15     141.72      60.52      54.24       0.00      0.00   0.00   1.00   0.00   0.00   0.00   0.00   0.00   0.00   0.00   0.00   0.00   0.00   0.00 
04:14:55    358.060      21.50       0.00      23.67      50.00     756.75     439.55     141.72      60.52      54.44       0.00      0.00   0.00   1.20   0.00   0.00   0.00   0.00   0.00   0.00   0.00   0.00   0.00   0.00   0.00 
04:15:00    357.983      21.50       0.00      23.67      50.00     756.60     439.55     141.72      60.52      54.53       0.00      0.00   0.00   1.40   0.00   0.00   0.00   0.00   0.00   0.00   0.00   0.00   0.00   0.00   0.00 
04:15:06    357.911      21.50       0.00      23.67      50.00     756.27     440.48     141.72      60.52      54.63       0.00      0.00   0.00   1.60   0.00   0.00   0.00   0.00   0.00   0.00   0.00   0.00   0.00   0.00   0.00 
04:15:11    357.839      21.50       0.00      23.67      50.00     756.10     439.89     141.72      60.52      54.74       0.00      0.00   0.00   1.80   0.00   0.00   0.00   0.00   0.00   0.00   0.00   0.00   0.00   0.00   0.00 
04:15:16    357.766      21.50       0.00      23.67      50.00     755.67     440.39     141.72      60.52      54.53       0.00      0.00   0.00   2.00   0.00   0.00   0.00   0.00   0.00   0.00   0.00   0.00   0.00   0.00   0.00 
04:15:21    357.696      21.50       0.00      23.67      50.00     758.27     439.14     141.72      60.52      53.13       0.00      0.00   0.00   0.00   0.00   0.00   0.00   0.00   0.00   0.00   0.00   0.00   0.00   0.00   0.00 
04:15:27    357.607      21.50       0.00      23.67      50.00     760.26     439.23     141.72      60.52      50.84       0.00      0.00   0.00   0.00  -2.00   0.00   0.00   0.00   0.00   0.00   0.00   0.00   0.00   0.00   0.00 
04:15:32    357.533      21.50       0.00      23.67      50.00     760.19     439.23     141.72      60.52      51.10       0.00      0.00   0.00   0.00  -1.80   0.00   0.00   0.00   0.00   0.00   0.00   0.00   0.00   0.00   0.00 
04:15:37    357.460      21.50       0.00      23.67      50.00     760.02     438.80     141.72      60.52      51.33       0.00      0.00   0.00   0.00  -1.60   0.00   0.00   0.00   0.00   0.00   0.00   0.00   0.00   0.00   0.00 
04:15:43    357.389      21.50       0.00      23.67      50.00     759.68     439.55     141.72      60.52      51.51       0.00      0.00   0.00   0.00  -1.40   0.00   0.00   0.00   0.00   0.00   0.00   0.00   0.00   0.00   0.00 
04:15:48    357.316      21.50       0.00      23.67      50.00     759.43     439.14     141.72      60.52      51.72       0.00      0.00   0.00   0.00  -1.20   0.00   0.00   0.00   0.00   0.00   0.00   0.00   0.00   0.00   0.00 
04:15:53    357.244      21.50       0.00      23.67      50.00     759.18     439.23     141.72      60.52      51.87       0.00      0.00   0.00   0.00  -1.00   0.00   0.00   0.00   0.00   0.00   0.00   0.00   0.00   0.00   0.00 
04:15:58    357.169      21.50       0.00      23.67      50.00     758.77     439.31     141.72      60.52      52.07       0.00      0.00   0.00   0.00  -0.80   0.00   0.00   0.00   0.00   0.00   0.00   0.00   0.00   0.00   0.00 
04:16:03    357.100      21.50       0.00      23.67      50.00     758.68     439.47     141.72      60.52      52.21       0.00      0.00   0.00   0.00  -0.60   0.00   0.00   0.00   0.00   0.00   0.00   0.00   0.00   0.00   0.00 
04:16:08    357.027      21.50       0.00      23.67      50.00     758.34     439.31     141.72      60.52      52.44       0.00      0.00   0.00   0.00  -0.40   0.00   0.00   0.00   0.00   0.00   0.00   0.00   0.00   0.00   0.00 
04:16:13    356.958      21.50       0.00      23.67      50.00     758.10     439.47     141.72      60.52      52.67       0.00      0.00   0.00   0.00  -0.20   0.00   0.00   0.00   0.00   0.00   0.00   0.00   0.00   0.00   0.00 
04:16:18    356.884      21.50       0.00      23.67      50.00     758.01     439.06     141.72      60.52      52.82       0.00      0.00   0.00   0.00   0.00   0.00   0.00   0.00   0.00   0.00   0.00   0.00   0.00   0.00   0.00 
04:16:24    356.814      21.50       0.00      23.67      50.00     757.52     439.31     141.72      60.52      53.02       0.00      0.00   0.00   0.00   0.20   0.00   0.00   0.00   0.00   0.00   0.00   0.00   0.00   0.00   0.00 
04:16:29    356.740      21.50       0.00      23.67      50.00     757.69     439.14     141.72      60.52      53.31       0.00      0.00   0.00   0.00   0.40   0.00   0.00   0.00   0.00   0.00   0.00   0.00   0.00   0.00   0.00 
04:16:34    356.670      21.50       0.00      23.67      50.00     757.18     439.14     141.72      60.52      53.44       0.00      0.00   0.00   0.00   0.60   0.00   0.00   0.00   0.00   0.00   0.00   0.00   0.00   0.00   0.00 
04:16:39    356.597      21.50       0.00      23.67      50.00     757.26     439.55     141.72      60.52      53.61       0.00      0.00   0.00   0.00   0.80   0.00   0.00   0.00   0.00   0.00   0.00   0.00   0.00   0.00   0.00 
04:16:44    356.527      21.50       0.00      23.67      50.00     756.75     439.55     141.72      60.52      53.80       0.00      0.00   0.00   0.00   1.00   0.00   0.00   0.00   0.00   0.00   0.00   0.00   0.00   0.00   0.00 
04:16:49    356.454      21.50       0.00      23.67      50.00     756.60     440.15     141.72      60.52      54.09       0.00      0.00   0.00   0.00   1.20   0.00   0.00   0.00   0.00   0.00   0.00   0.00   0.00   0.00   0.00 
04:16:54    356.384      21.50       0.00      23.67      50.00     756.43     439.47     141.72      60.52      54.27       0.00      0.00   0.00   0.00   1.40   0.00   0.00   0.00   0.00   0.00   0.00   0.00   0.00   0.00   0.00 
04:17:00    356.309      21.50       0.00      23.67      50.00     756.27     439.40     141.72      60.52      54.48       0.00      0.00   0.00   0.00   1.60   0.00   0.00   0.00   0.00   0.00   0.00   0.00   0.00   0.00   0.00 
04:17:05    356.238      21.50       0.00      23.67      50.00     755.93     440.48     141.72      60.52      54.63       0.00      0.00   0.00   0.00   1.80   0.00   0.00   0.00   0.00   0.00   0.00   0.00   0.00   0.00   0.00 
04:17:10    356.166      21.50       0.00      23.67      50.00     755.50     439.55     141.72      60.52      54.86       0.00      0.00   0.00   0.00   2.00   0.00   0.00   0.00   0.00   0.00   0.00   0.00   0.00   0.00   0.00 
04:17:15    356.094      21.50       0.00      23.67      50.00     757.52     439.55     141.72      60.52      52.71       0.00      0.00   0.00   0.00   0.00   0.00   0.00   0.00   0.00   0.00   0.00   0.00   0.00   0.00   0.00 
04:17:21    356.010      21.50       0.00      23.67      50.00     758.77     439.06     141.72      60.52      48.97       0.00      0.00   0.00   0.00   0.00  -2.00   0.00   0.00   0.00   0.00   0.00   0.00   0.00   0.00   0.00 
04:17:26    355.940      21.50       0.00      23.67      50.00     758.60     439.40     141.72      60.52      49.26       0.00      0.00   0.00   0.00   0.00  -1.80   0.00   0.00   0.00   0.00   0.00   0.00   0.00   0.00   0.00 
04:17:31    355.868      21.50       0.00      23.67      50.00     758.60     439.06     141.72      60.52      49.64       0.00      0.00   0.00   0.00   0.00  -1.60   0.00   0.00   0.00   0.00   0.00   0.00   0.00   0.00   0.00 
04:17:36    355.797      21.50       0.00      23.67      50.00     758.68     438.89     141.72      60.52      50.02       0.00      0.00   0.00   0.00   0.00  -1.40   0.00   0.00   0.00   0.00   0.00   0.00   0.00   0.00   0.00 
04:17:41    355.724      21.50       0.00      23.67      50.00     758.60     439.31     141.72      60.52      50.33       0.00      0.00   0.00   0.00   0.00  -1.20   0.00   0.00   0.00   0.00   0.00   0.00   0.00   0.00   0.00 
04:17:47    355.652      21.50       0.00      23.67      50.00     758.10     439.55     141.72      60.52      50.72       0.00      0.00   0.00   0.00   0.00  -1.00   0.00   0.00   0.00   0.00   0.00   0.00   0.00   0.00   0.00 
04:17:52    355.581      21.50       0.00      23.67      50.00     757.93     439.23     141.72      60.52      50.99       0.00      0.00   0.00   0.00   0.00  -0.80   0.00   0.00   0.00   0.00   0.00   0.00   0.00   0.00   0.00 
04:17:57    355.509      21.50       0.00      23.67      50.00     758.27     439.40     141.72      60.52      51.35       0.00      0.00   0.00   0.00   0.00  -0.60   0.00   0.00   0.00   0.00   0.00   0.00   0.00   0.00   0.00 
04:18:02    355.439      21.50       0.00      23.67      50.00     758.10     439.14     141.72      60.52      51.70       0.00      0.00   0.00   0.00   0.00  -0.40   0.00   0.00   0.00   0.00   0.00   0.00   0.00   0.00   0.00 
04:18:07    355.363      21.50       0.00      23.67      50.00     758.10     439.23     141.72      60.52      51.99       0.00      0.00   0.00   0.00   0.00  -0.20   0.00   0.00   0.00   0.00   0.00   0.00   0.00   0.00   0.00 
04:18:12    355.291      21.50       0.00      23.67      50.00     757.85     439.23     141.72      60.52      52.35       0.00      0.00   0.00   0.00   0.00   0.00   0.00   0.00   0.00   0.00   0.00   0.00   0.00   0.00   0.00 
04:18:18    355.220      21.50       0.00      23.67      50.00     758.17     439.47     141.72      60.52      52.72       0.00      0.00   0.00   0.00   0.00   0.20   0.00   0.00   0.00   0.00   0.00   0.00   0.00   0.00   0.00 
04:18:23    355.149      21.50       0.00      23.67      50.00     757.85     440.05     141.72      60.52      53.14       0.00      0.00   0.00   0.00   0.00   0.40   0.00   0.00   0.00   0.00   0.00   0.00   0.00   0.00   0.00 
04:18:28    355.079      21.50       0.00      23.67      50.00     757.85     440.05     141.72      60.52      53.48       0.00      0.00   0.00   0.00   0.00   0.60   0.00   0.00   0.00   0.00   0.00   0.00   0.00   0.00   0.00 
04:18:33    355.008      21.50       0.00      23.67      50.00     757.69     439.31     141.72      60.52      53.82       0.00      0.00   0.00   0.00   0.00   0.80   0.00   0.00   0.00   0.00   0.00   0.00   0.00   0.00   0.00 
04:18:38    354.937      21.50       0.00      23.67      50.00     757.59     439.31     141.72      60.52      54.11       0.00      0.00   0.00   0.00   0.00   1.00   0.00   0.00   0.00   0.00   0.00   0.00   0.00   0.00   0.00 
04:18:43    354.867      21.50       0.00      23.67      50.00     757.35     439.98     141.72      60.52      54.46       0.00      0.00   0.00   0.00   0.00   1.20   0.00   0.00   0.00   0.00   0.00   0.00   0.00   0.00   0.00 
04:18:48    354.795      21.50       0.00      23.67      50.00     757.18     439.98     141.72      60.52      54.75       0.00      0.00   0.00   0.00   0.00   1.40   0.00   0.00   0.00   0.00   0.00   0.00   0.00   0.00   0.00 
04:18:53    354.724      21.50       0.00      23.67      50.00     757.26     439.06     141.72      60.52      55.12       0.00      0.00   0.00   0.00   0.00   1.60   0.00   0.00   0.00   0.00   0.00   0.00   0.00   0.00   0.00 
04:18:59    354.652      21.50       0.00      23.67      50.00     757.35     439.55     141.72      60.52      55.44       0.00      0.00   0.00   0.00   0.00   1.80   0.00   0.00   0.00   0.00   0.00   0.00   0.00   0.00   0.00 
04:19:04    354.583      21.50       0.00      23.67      50.00     757.01     439.81     141.72      60.52      55.72       0.00      0.00   0.00   0.00   0.00   2.00   0.00   0.00   0.00   0.00   0.00   0.00   0.00   0.00   0.00 
04:19:09    354.513      21.50       0.00      23.67      50.00     757.93     439.72     141.72      60.52      52.21       0.00      0.00   0.00   0.00   0.00   0.00   0.00   0.00   0.00   0.00   0.00   0.00   0.00   0.00   0.00 
04:19:15    354.426      21.50       0.00      23.67      50.00     752.68     440.56     141.72      60.52      46.88       0.00      0.00   0.00   0.00   0.00   0.00  -2.00   0.00   0.00   0.00   0.00   0.00   0.00   0.00   0.00 
04:19:20    354.356      21.50       0.00      23.67      50.00     753.26     440.56     141.72      60.52      47.43       0.00      0.00   0.00   0.00   0.00   0.00  -1.80   0.00   0.00   0.00   0.00   0.00   0.00   0.00   0.00 
04:19:25    354.288      21.50       0.00      23.67      50.00     753.60     440.73     141.72      60.52      47.90       0.00      0.00   0.00   0.00   0.00   0.00  -1.60   0.00   0.00   0.00   0.00   0.00   0.00   0.00   0.00 
04:19:31    354.217      21.50       0.00      23.67      50.00     753.76     440.65     141.72      60.52      48.43       0.00      0.00   0.00   0.00   0.00   0.00  -1.40   0.00   0.00   0.00   0.00   0.00   0.00   0.00   0.00 
04:19:36    354.146      21.50       0.00      23.67      50.00     754.42     440.31     141.72      60.52      48.96       0.00      0.00   0.00   0.00   0.00   0.00  -1.20   0.00   0.00   0.00   0.00   0.00   0.00   0.00   0.00 
04:19:41    354.077      21.50       0.00      23.67      50.00     755.35     440.56     141.72      60.52      49.45       0.00      0.00   0.00   0.00   0.00   0.00  -1.00   0.00   0.00   0.00   0.00   0.00   0.00   0.00   0.00 
04:19:46    354.007      21.50       0.00      23.67      50.00     755.35     440.39     141.72      60.52      50.02       0.00      0.00   0.00   0.00   0.00   0.00  -0.80   0.00   0.00   0.00   0.00   0.00   0.00   0.00   0.00 
04:19:51    353.934      21.50       0.00      23.67      50.00     756.10     440.05     141.72      60.52      50.56       0.00      0.00   0.00   0.00   0.00   0.00  -0.60   0.00   0.00   0.00   0.00   0.00   0.00   0.00   0.00 
04:19:56    353.865      21.50       0.00      23.67      50.00     756.68     439.31     141.72      60.52      51.04       0.00      0.00   0.00   0.00   0.00   0.00  -0.40   0.00   0.00   0.00   0.00   0.00   0.00   0.00   0.00 
04:20:01    353.795      21.50       0.00      23.67      50.00     757.09     439.98     141.72      60.52      51.61       0.00      0.00   0.00   0.00   0.00   0.00  -0.20   0.00   0.00   0.00   0.00   0.00   0.00   0.00   0.00 
04:20:07    353.723      21.50       0.00      23.67      50.00     758.01     439.72     141.72      60.52      52.07       0.00      0.00   0.00   0.00   0.00   0.00   0.00   0.00   0.00   0.00   0.00   0.00   0.00   0.00   0.00 
04:20:12    353.652      21.50       0.00      23.67      50.00     758.34     439.55     141.72      60.52      52.59       0.00      0.00   0.00   0.00   0.00   0.00   0.20   0.00   0.00   0.00   0.00   0.00   0.00   0.00   0.00 
04:20:17    353.581      21.50       0.00      23.67      50.00     758.51     439.40     141.72      60.52      53.53       0.00      0.00   0.00   0.00   0.00   0.00   0.40   0.00   0.00   0.00   0.00   0.00   0.00   0.00   0.00 
04:20:22    353.511      21.50       0.00      23.67      50.00     759.10     439.14     141.72      60.52      54.06       0.00      0.00   0.00   0.00   0.00   0.00   0.60   0.00   0.00   0.00   0.00   0.00   0.00   0.00   0.00 
04:20:27    353.441      21.50       0.00      23.67      50.00     759.76     439.47     141.72      60.52      54.55       0.00      0.00   0.00   0.00   0.00   0.00   0.80   0.00   0.00   0.00   0.00   0.00   0.00   0.00   0.00 
04:20:32    353.369      21.50       0.00      23.67      50.00     760.60     439.23     141.72      60.52      54.97       0.00      0.00   0.00   0.00   0.00   0.00   1.00   0.00   0.00   0.00   0.00   0.00   0.00   0.00   0.00 
04:20:37    353.296      21.50       0.00      23.67      50.00     760.68     439.14     141.72      60.52      55.40       0.00      0.00   0.00   0.00   0.00   0.00   1.20   0.00   0.00   0.00   0.00   0.00   0.00   0.00   0.00 
04:20:43    353.227      21.50       0.00      23.67      50.00     761.44     439.23     141.72      60.52      55.95       0.00      0.00   0.00   0.00   0.00   0.00   1.40   0.00   0.00   0.00   0.00   0.00   0.00   0.00   0.00 
04:20:48    353.157      21.50       0.00      23.67      50.00     761.85     439.23     141.72      60.52      56.43       0.00      0.00   0.00   0.00   0.00   0.00   1.60   0.00   0.00   0.00   0.00   0.00   0.00   0.00   0.00 
04:20:53    353.082      21.50       0.00      23.67      50.00     762.10     438.73     141.72      60.52      56.89       0.00      0.00   0.00   0.00   0.00   0.00   1.80   0.00   0.00   0.00   0.00   0.00   0.00   0.00   0.00 
04:20:58    353.011      21.50       0.00      23.67      50.00     763.01     438.89     141.72      60.52      57.33       0.00      0.00   0.00   0.00   0.00   0.00   2.00   0.00   0.00   0.00   0.00   0.00   0.00   0.00   0.00 
04:21:03    352.941      21.50       0.00      23.67      50.00     758.10     439.40     141.72      60.52      52.62       0.00      0.00   0.00   0.00   0.00   0.00   0.00   0.00   0.00   0.00   0.00   0.00   0.00   0.00   0.00 
04:21:09    352.859      21.50       0.00      23.67      50.00     741.83     442.48     141.72      60.52      48.78       0.00      0.00   0.00   0.00   0.00   0.00   0.00  -2.00   0.00   0.00   0.00   0.00   0.00   0.00   0.00 
04:21:14    352.792      21.50       0.00      23.67      50.00     743.08     442.48     141.72      60.52      49.04       0.00      0.00   0.00   0.00   0.00   0.00   0.00  -1.80   0.00   0.00   0.00   0.00   0.00   0.00   0.00 
04:21:20    352.725      21.50       0.00      23.67      50.00     745.25     441.98     141.72      60.52      49.41       0.00      0.00   0.00   0.00   0.00   0.00   0.00  -1.60   0.00   0.00   0.00   0.00   0.00   0.00   0.00 
04:21:25    352.658      21.50       0.00      23.67      50.00     746.42     441.98     141.72      60.52      49.73       0.00      0.00   0.00   0.00   0.00   0.00   0.00  -1.40   0.00   0.00   0.00   0.00   0.00   0.00   0.00 
04:21:30    352.589      21.50       0.00      23.67      50.00     748.26     441.98     141.72      60.52      50.07       0.00      0.00   0.00   0.00   0.00   0.00   0.00  -1.20   0.00   0.00   0.00   0.00   0.00   0.00   0.00 
04:21:35    352.520      21.50       0.00      23.67      50.00     749.51     441.73     141.72      60.52      50.37       0.00      0.00   0.00   0.00   0.00   0.00   0.00  -1.00   0.00   0.00   0.00   0.00   0.00   0.00   0.00 
04:21:40    352.453      21.50       0.00      23.67      50.00     751.17     441.14     141.72      60.52      50.81       0.00      0.00   0.00   0.00   0.00   0.00   0.00  -0.80   0.00   0.00   0.00   0.00   0.00   0.00   0.00 
04:21:45    352.383      21.50       0.00      23.67      50.00     752.42     440.39     141.72      60.52      51.19       0.00      0.00   0.00   0.00   0.00   0.00   0.00  -0.60   0.00   0.00   0.00   0.00   0.00   0.00   0.00 
04:21:50    352.311      21.50       0.00      23.67      50.00     754.42     440.80     141.72      60.52      51.59       0.00      0.00   0.00   0.00   0.00   0.00   0.00  -0.40   0.00   0.00   0.00   0.00   0.00   0.00   0.00 
04:21:55    352.244      21.50       0.00      23.67      50.00     756.34     440.48     141.72      60.52      51.88       0.00      0.00   0.00   0.00   0.00   0.00   0.00  -0.20   0.00   0.00   0.00   0.00   0.00   0.00   0.00 
04:22:01    352.173      21.50       0.00      23.67      50.00     757.93     439.72     141.72      60.52      52.25       0.00      0.00   0.00   0.00   0.00   0.00   0.00   0.00   0.00   0.00   0.00   0.00   0.00   0.00   0.00 
04:22:06    352.102      21.50       0.00      23.67      50.00     759.43     438.97     141.72      60.52      52.63       0.00      0.00   0.00   0.00   0.00   0.00   0.00   0.20   0.00   0.00   0.00   0.00   0.00   0.00   0.00 
04:22:11    352.032      21.50       0.00      23.67      50.00     761.35     439.40     141.72      60.52      52.98       0.00      0.00   0.00   0.00   0.00   0.00   0.00   0.40   0.00   0.00   0.00   0.00   0.00   0.00   0.00 
04:22:16    351.964      21.50       0.00      23.67      50.00     762.43     439.14     141.72      60.52      53.25       0.00      0.00   0.00   0.00   0.00   0.00   0.00   0.60   0.00   0.00   0.00   0.00   0.00   0.00   0.00 
04:22:21    351.891      21.50       0.00      23.67      50.00     764.35     438.39     141.72      60.52      53.64       0.00      0.00   0.00   0.00   0.00   0.00   0.00   0.80   0.00   0.00   0.00   0.00   0.00   0.00   0.00 
04:22:26    351.822      21.50       0.00      23.67      50.00     765.85     438.15     141.72      60.52      53.93       0.00      0.00   0.00   0.00   0.00   0.00   0.00   1.00   0.00   0.00   0.00   0.00   0.00   0.00   0.00 
04:22:31    351.750      21.50       0.00      23.67      50.00     767.94     437.98     141.72      60.52      54.26       0.00      0.00   0.00   0.00   0.00   0.00   0.00   1.20   0.00   0.00   0.00   0.00   0.00   0.00   0.00 
04:22:37    351.678      21.50       0.00      23.67      50.00     769.10     436.97     141.72      60.52      54.60       0.00      0.00   0.00   0.00   0.00   0.00   0.00   1.40   0.00   0.00   0.00   0.00   0.00   0.00   0.00 
04:22:42    351.603      21.50       0.00      23.67      50.00     771.19     436.97     141.72      60.52      55.07       0.00      0.00   0.00   0.00   0.00   0.00   0.00   1.60   0.00   0.00   0.00   0.00   0.00   0.00   0.00 
04:22:47    351.528      21.50       0.00      23.67      50.00     772.85     437.48     141.72      60.52      55.44       0.00      0.00   0.00   0.00   0.00   0.00   0.00   1.80   0.00   0.00   0.00   0.00   0.00   0.00   0.00 
04:22:52    351.456      21.50       0.00      23.67      50.00     773.95     436.47     141.72      60.52      55.71       0.00      0.00   0.00   0.00   0.00   0.00   0.00   2.00   0.00   0.00   0.00   0.00   0.00   0.00   0.00 
04:22:57    351.386      21.50       0.00      23.67      50.00     757.93     438.89     141.72      60.52      52.10       0.00      0.00   0.00   0.00   0.00   0.00   0.00   0.00   0.00   0.00   0.00   0.00   0.00   0.00   0.00 
04:23:03    351.305      21.50       0.00      23.67      50.00     741.66     442.39     141.72      60.52      54.12       0.00      0.00   0.00   0.00   0.00   0.00   0.00   0.00  -2.00   0.00   0.00   0.00   0.00   0.00   0.00 
04:23:08    351.239      21.50       0.00      23.67      50.00     743.16     442.89     141.72      60.52      53.99       0.00      0.00   0.00   0.00   0.00   0.00   0.00   0.00  -1.80   0.00   0.00   0.00   0.00   0.00   0.00 
04:23:13    351.173      21.50       0.00      23.67      50.00     744.26     442.48     141.72      60.52      53.78       0.00      0.00   0.00   0.00   0.00   0.00   0.00   0.00  -1.60   0.00   0.00   0.00   0.00   0.00   0.00 
04:23:19    351.104      21.50       0.00      23.67      50.00     746.26     441.81     141.72      60.52      53.66       0.00      0.00   0.00   0.00   0.00   0.00   0.00   0.00  -1.40   0.00   0.00   0.00   0.00   0.00   0.00 
04:23:24    351.038      21.50       0.00      23.67      50.00     747.51     441.73     141.72      60.52      53.47       0.00      0.00   0.00   0.00   0.00   0.00   0.00   0.00  -1.20   0.00   0.00   0.00   0.00   0.00   0.00 
04:23:29    350.971      21.50       0.00      23.67      50.00     749.42     441.31     141.72      60.52      53.20       0.00      0.00   0.00   0.00   0.00   0.00   0.00   0.00  -1.00   0.00   0.00   0.00   0.00   0.00   0.00 
04:23:34    350.902      21.50       0.00      23.67      50.00     751.00     441.56     141.72      60.52      52.94       0.00      0.00   0.00   0.00   0.00   0.00   0.00   0.00  -0.80   0.00   0.00   0.00   0.00   0.00   0.00 
04:23:39    350.834      21.50       0.00      23.67      50.00     752.85     440.65     141.72      60.52      52.65       0.00      0.00   0.00   0.00   0.00   0.00   0.00   0.00  -0.60   0.00   0.00   0.00   0.00   0.00   0.00 
04:23:44    350.766      21.50       0.00      23.67      50.00     754.10     440.65     141.72      60.52      52.38       0.00      0.00   0.00   0.00   0.00   0.00   0.00   0.00  -0.40   0.00   0.00   0.00   0.00   0.00   0.00 
04:23:49    350.696      21.50       0.00      23.67      50.00     755.84     440.39     141.72      60.52      52.12       0.00      0.00   0.00   0.00   0.00   0.00   0.00   0.00  -0.20   0.00   0.00   0.00   0.00   0.00   0.00 
04:23:54    350.626      21.50       0.00      23.67      50.00     758.01     439.55     141.72      60.52      51.89       0.00      0.00   0.00   0.00   0.00   0.00   0.00   0.00   0.00   0.00   0.00   0.00   0.00   0.00   0.00 
04:24:00    350.554      21.50       0.00      23.67      50.00     759.52     438.97     141.72      60.52      51.63       0.00      0.00   0.00   0.00   0.00   0.00   0.00   0.00   0.20   0.00   0.00   0.00   0.00   0.00   0.00 
04:24:05    350.484      21.50       0.00      23.67      50.00     761.10     438.89     141.72      60.52      51.39       0.00      0.00   0.00   0.00   0.00   0.00   0.00   0.00   0.40   0.00   0.00   0.00   0.00   0.00   0.00 
04:24:10    350.418      21.50       0.00      23.67      50.00     762.60     439.14     141.72      60.52      51.13       0.00      0.00   0.00   0.00   0.00   0.00   0.00   0.00   0.60   0.00   0.00   0.00   0.00   0.00   0.00 
04:24:15    350.346      21.50       0.00      23.67      50.00     764.69     438.80     141.72      60.52      50.91       0.00      0.00   0.00   0.00   0.00   0.00   0.00   0.00   0.80   0.00   0.00   0.00   0.00   0.00   0.00 
04:24:20    350.275      21.50       0.00      23.67      50.00     766.35     437.98     141.72      60.52      50.64       0.00      0.00   0.00   0.00   0.00   0.00   0.00   0.00   1.00   0.00   0.00   0.00   0.00   0.00   0.00 
04:24:25    350.206      21.50       0.00      23.67      50.00     767.77     437.98     141.72      60.52      50.31       0.00      0.00   0.00   0.00   0.00   0.00   0.00   0.00   1.20   0.00   0.00   0.00   0.00   0.00   0.00 
04:24:31    350.133      21.50       0.00      23.67      50.00     769.77     437.22     141.72      60.52      50.05       0.00      0.00   0.00   0.00   0.00   0.00   0.00   0.00   1.40   0.00   0.00   0.00   0.00   0.00   0.00 
04:24:36    350.061      21.50       0.00      23.67      50.00     771.28     437.38     141.72      60.52      49.75       0.00      0.00   0.00   0.00   0.00   0.00   0.00   0.00   1.60   0.00   0.00   0.00   0.00   0.00   0.00 
04:24:41    349.989      21.50       0.00      23.67      50.00     772.94     436.39     141.72      60.52      49.49       0.00      0.00   0.00   0.00   0.00   0.00   0.00   0.00   1.80   0.00   0.00   0.00   0.00   0.00   0.00 
04:24:46    349.917      21.50       0.00      23.67      50.00     774.53     436.80     141.72      60.52      49.21       0.00      0.00   0.00   0.00   0.00   0.00   0.00   0.00   2.00   0.00   0.00   0.00   0.00   0.00   0.00 
04:24:51    349.847      21.50       0.00      23.67      50.00     757.85     439.47     141.72      60.52      51.52       0.00      0.00   0.00   0.00   0.00   0.00   0.00   0.00   0.00   0.00   0.00   0.00   0.00   0.00   0.00 
04:24:57    349.767      21.50       0.00      23.67      50.00     751.92     440.65     141.72      60.52      55.64       0.00      0.00   0.00   0.00   0.00   0.00   0.00   0.00   0.00  -2.00   0.00   0.00   0.00   0.00   0.00 
04:25:02    349.699      21.50       0.00      23.67      50.00     751.92     440.97     141.72      60.52      55.30       0.00      0.00   0.00   0.00   0.00   0.00   0.00   0.00   0.00  -1.80   0.00   0.00   0.00   0.00   0.00 
04:25:07    349.634      21.50       0.00      23.67      50.00     752.51     440.97     141.72      60.52      54.96       0.00      0.00   0.00   0.00   0.00   0.00   0.00   0.00   0.00  -1.60   0.00   0.00   0.00   0.00   0.00 
04:25:13    349.564      21.50       0.00      23.67      50.00     753.26     440.31     141.72      60.52      53.47       0.00      0.00   0.00   0.00   0.00   0.00   0.00   0.00   0.00  -1.40   0.00   0.00   0.00   0.00   0.00 
04:25:18    349.499      21.50       0.00      23.67      50.00     754.01     440.80     141.72      60.52      53.12       0.00      0.00   0.00   0.00   0.00   0.00   0.00   0.00   0.00  -1.20   0.00   0.00   0.00   0.00   0.00 
04:25:23    349.429      21.50       0.00      23.67      50.00     754.42     440.73     141.72      60.52      52.70       0.00      0.00   0.00   0.00   0.00   0.00   0.00   0.00   0.00  -1.00   0.00   0.00   0.00   0.00   0.00 
04:25:28    349.360      21.50       0.00      23.67      50.00     755.35     440.56     141.72      60.52      52.32       0.00      0.00   0.00   0.00   0.00   0.00   0.00   0.00   0.00  -0.80   0.00   0.00   0.00   0.00   0.00 
04:25:33    349.293      21.50       0.00      23.67      50.00     755.76     440.56     141.72      60.52      51.85       0.00      0.00   0.00   0.00   0.00   0.00   0.00   0.00   0.00  -0.60   0.00   0.00   0.00   0.00   0.00 
04:25:38    349.222      21.50       0.00      23.67      50.00     756.85     439.89     141.72      60.52      51.39       0.00      0.00   0.00   0.00   0.00   0.00   0.00   0.00   0.00  -0.40   0.00   0.00   0.00   0.00   0.00 
04:25:44    349.152      21.50       0.00      23.67      50.00     757.35     439.40     141.72      60.52      50.88       0.00      0.00   0.00   0.00   0.00   0.00   0.00   0.00   0.00  -0.20   0.00   0.00   0.00   0.00   0.00 
04:25:49    349.085      21.50       0.00      23.67      50.00     757.52     440.48     141.72      60.52      50.43       0.00      0.00   0.00   0.00   0.00   0.00   0.00   0.00   0.00   0.00   0.00   0.00   0.00   0.00   0.00 
04:25:54    349.015      21.50       0.00      23.67      50.00     758.60     439.72     141.72      60.52      49.98       0.00      0.00   0.00   0.00   0.00   0.00   0.00   0.00   0.00   0.20   0.00   0.00   0.00   0.00   0.00 
04:25:59    348.946      21.50       0.00      23.67      50.00     759.18     439.64     141.72      60.52      49.37       0.00      0.00   0.00   0.00   0.00   0.00   0.00   0.00   0.00   0.40   0.00   0.00   0.00   0.00   0.00 
04:26:04    348.878      21.50       0.00      23.67      50.00     759.52     439.55     141.72      60.52      48.86       0.00      0.00   0.00   0.00   0.00   0.00   0.00   0.00   0.00   0.60   0.00   0.00   0.00   0.00   0.00 
04:26:09    348.807      21.50       0.00      23.67      50.00     760.10     439.40     141.72      60.52      48.43       0.00      0.00   0.00   0.00   0.00   0.00   0.00   0.00   0.00   0.80   0.00   0.00   0.00   0.00   0.00 
04:26:14    348.739      21.50       0.00      23.67      50.00     760.84     439.14     141.72      60.52      47.93       0.00      0.00   0.00   0.00   0.00   0.00   0.00   0.00   0.00   1.00   0.00   0.00   0.00   0.00   0.00 
04:26:19    348.671      21.50       0.00      23.67      50.00     761.52     439.31     141.72      60.52      47.50       0.00      0.00   0.00   0.00   0.00   0.00   0.00   0.00   0.00   1.20   0.00   0.00   0.00   0.00   0.00 
04:26:25    348.603      21.50       0.00      23.67      50.00     762.02     439.47     141.72      60.52      46.96       0.00      0.00   0.00   0.00   0.00   0.00   0.00   0.00   0.00   1.40   0.00   0.00   0.00   0.00   0.00 
04:26:30    348.531      21.50       0.00      23.67      50.00     762.35     438.89     141.72      60.52      46.56       0.00      0.00   0.00   0.00   0.00   0.00   0.00   0.00   0.00   1.60   0.00   0.00   0.00   0.00   0.00 
04:26:35    348.465      21.50       0.00      23.67      50.00     763.35     438.39     141.72      60.52      45.99       0.00      0.00   0.00   0.00   0.00   0.00   0.00   0.00   0.00   1.80   0.00   0.00   0.00   0.00   0.00 
04:26:40    348.394      21.50       0.00      23.67      50.00     763.85     438.15     141.72      60.52      45.54       0.00      0.00   0.00   0.00   0.00   0.00   0.00   0.00   0.00   2.00   0.00   0.00   0.00   0.00   0.00 
04:26:45    348.326      21.50       0.00      23.67      50.00     757.43     439.40     141.72      60.52      50.18       0.00      0.00   0.00   0.00   0.00   0.00   0.00   0.00   0.00   0.00   0.00   0.00   0.00   0.00   0.00 
04:26:51    348.241      21.50       0.00      23.67      50.00     758.27     439.31     141.72      60.52      52.99       0.00      0.00   0.00   0.00   0.00   0.00   0.00   0.00   0.00   0.00  -2.00   0.00   0.00   0.00   0.00 
04:26:57    348.173      21.50       0.00      23.67      50.00     758.27     439.23     141.72      60.52      52.75       0.00      0.00   0.00   0.00   0.00   0.00   0.00   0.00   0.00   0.00  -1.80   0.00   0.00   0.00   0.00 
04:27:02    348.106      21.50       0.00      23.67      50.00     758.27     439.64     141.72      60.52      52.45       0.00      0.00   0.00   0.00   0.00   0.00   0.00   0.00   0.00   0.00  -1.60   0.00   0.00   0.00   0.00 
04:27:07    348.036      21.50       0.00      23.67      50.00     758.27     439.23     141.72      60.52      52.13       0.00      0.00   0.00   0.00   0.00   0.00   0.00   0.00   0.00   0.00  -1.40   0.00   0.00   0.00   0.00 
04:27:12    347.968      21.50       0.00      23.67      50.00     758.01     439.40     141.72      60.52      51.90       0.00      0.00   0.00   0.00   0.00   0.00   0.00   0.00   0.00   0.00  -1.20   0.00   0.00   0.00   0.00 
04:27:17    347.900      21.50       0.00      23.67      50.00     758.10     439.23     141.72      60.52      51.55       0.00      0.00   0.00   0.00   0.00   0.00   0.00   0.00   0.00   0.00  -1.00   0.00   0.00   0.00   0.00 
04:27:22    347.830      21.50       0.00      23.67      50.00     757.93     439.55     141.72      60.52      51.28       0.00      0.00   0.00   0.00   0.00   0.00   0.00   0.00   0.00   0.00  -0.80   0.00   0.00   0.00   0.00 
04:27:27    347.764      21.50       0.00      23.67      50.00     757.93     440.31     141.72      60.52      50.96       0.00      0.00   0.00   0.00   0.00   0.00   0.00   0.00   0.00   0.00  -0.60   0.00   0.00   0.00   0.00 
04:27:32    347.697      21.50       0.00      23.67      50.00     758.01     439.14     141.72      60.52      50.70       0.00      0.00   0.00   0.00   0.00   0.00   0.00   0.00   0.00   0.00  -0.40   0.00   0.00   0.00   0.00 
04:27:38    347.628      21.50       0.00      23.67      50.00     757.76     439.72     141.72      60.52      50.40       0.00      0.00   0.00   0.00   0.00   0.00   0.00   0.00   0.00   0.00  -0.20   0.00   0.00   0.00   0.00 
04:27:43    347.559      21.50       0.00      23.67      50.00     758.01     440.31     141.72      60.52      50.09       0.00      0.00   0.00   0.00   0.00   0.00   0.00   0.00   0.00   0.00   0.00   0.00   0.00   0.00   0.00 
04:27:48    347.491      21.50       0.00      23.67      50.00     758.01     439.40     141.72      60.52      49.80       0.00      0.00   0.00   0.00   0.00   0.00   0.00   0.00   0.00   0.00   0.20   0.00   0.00   0.00   0.00 
04:27:53    347.422      21.50       0.00      23.67      50.00     757.35     439.64     141.72      60.52      49.54       0.00      0.00   0.00   0.00   0.00   0.00   0.00   0.00   0.00   0.00   0.40   0.00   0.00   0.00   0.00 
04:27:58    347.356      21.50       0.00      23.67      50.00     757.52     439.89     141.72      60.52      49.33       0.00      0.00   0.00   0.00   0.00   0.00   0.00   0.00   0.00   0.00   0.60   0.00   0.00   0.00   0.00 
04:28:03    347.290      21.50       0.00      23.67      50.00     757.52     439.55     141.72      60.52      48.93       0.00      0.00   0.00   0.00   0.00   0.00   0.00   0.00   0.00   0.00   0.80   0.00   0.00   0.00   0.00 
04:28:09    347.220      21.50       0.00      23.67      50.00     757.26     439.55     141.72      60.52      48.61       0.00      0.00   0.00   0.00   0.00   0.00   0.00   0.00   0.00   0.00   1.00   0.00   0.00   0.00   0.00 
04:28:14    347.151      21.50       0.00      23.67      50.00     757.01     439.55     141.72      60.52      48.33       0.00      0.00   0.00   0.00   0.00   0.00   0.00   0.00   0.00   0.00   1.20   0.00   0.00   0.00   0.00 
04:28:19    347.083      21.50       0.00      23.67      50.00     757.01     440.56     141.72      60.52      47.94       0.00      0.00   0.00   0.00   0.00   0.00   0.00   0.00   0.00   0.00   1.40   0.00   0.00   0.00   0.00 
04:28:24    347.016      21.50       0.00      23.67      50.00     757.01     440.15     141.72      60.52      47.63       0.00      0.00   0.00   0.00   0.00   0.00   0.00   0.00   0.00   0.00   1.60   0.00   0.00   0.00   0.00 
04:28:29    346.949      21.50       0.00      23.67      50.00     757.01     440.31     141.72      60.52      47.31       0.00      0.00   0.00   0.00   0.00   0.00   0.00   0.00   0.00   0.00   1.80   0.00   0.00   0.00   0.00 
04:28:34    346.882      21.50       0.00      23.67      50.00     756.85     440.65     141.72      60.52      46.93       0.00      0.00   0.00   0.00   0.00   0.00   0.00   0.00   0.00   0.00   2.00   0.00   0.00   0.00   0.00 
04:28:39    346.816      21.50       0.00      23.67      50.00     757.59     440.31     141.72      60.52      49.87       0.00      0.00   0.00   0.00   0.00   0.00   0.00   0.00   0.00   0.00   0.00   0.00   0.00   0.00   0.00 
04:28:46    346.732      21.50       0.00      23.67      50.00     759.93     439.72     141.72      60.52      51.23       0.00      0.00   0.00   0.00   0.00   0.00   0.00   0.00   0.00   0.00   0.00  -2.00   0.00   0.00   0.00 
04:28:51    346.664      21.50       0.00      23.67      50.00     759.85     439.47     141.72      60.52      51.09       0.00      0.00   0.00   0.00   0.00   0.00   0.00   0.00   0.00   0.00   0.00  -1.80   0.00   0.00   0.00 
04:28:56    346.595      21.50       0.00      23.67      50.00     759.59     439.64     141.72      60.52      50.82       0.00      0.00   0.00   0.00   0.00   0.00   0.00   0.00   0.00   0.00   0.00  -1.60   0.00   0.00   0.00 
04:29:01    346.526      21.50       0.00      23.67      50.00     759.35     439.40     141.72      60.52      50.71       0.00      0.00   0.00   0.00   0.00   0.00   0.00   0.00   0.00   0.00   0.00  -1.40   0.00   0.00   0.00 
04:29:06    346.458      21.50       0.00      23.67      50.00     759.35     439.40     141.72      60.52      50.49       0.00      0.00   0.00   0.00   0.00   0.00   0.00   0.00   0.00   0.00   0.00  -1.20   0.00   0.00   0.00 
04:29:11    346.390      21.50       0.00      23.67      50.00     758.51     439.40     141.72      60.52      50.36       0.00      0.00   0.00   0.00   0.00   0.00   0.00   0.00   0.00   0.00   0.00  -1.00   0.00   0.00   0.00 
04:29:16    346.322      21.50       0.00      23.67      50.00     758.68     439.81     141.72      60.52      50.11       0.00      0.00   0.00   0.00   0.00   0.00   0.00   0.00   0.00   0.00   0.00  -0.80   0.00   0.00   0.00 
04:29:22    346.255      21.50       0.00      23.67      50.00     758.51     439.64     141.72      60.52      50.03       0.00      0.00   0.00   0.00   0.00   0.00   0.00   0.00   0.00   0.00   0.00  -0.60   0.00   0.00   0.00 
04:29:27    346.191      21.50       0.00      23.67      50.00     758.34     439.55     141.72      60.52      49.86       0.00      0.00   0.00   0.00   0.00   0.00   0.00   0.00   0.00   0.00   0.00  -0.40   0.00   0.00   0.00 
04:29:32    346.119      21.50       0.00      23.67      50.00     757.93     439.72     141.72      60.52      49.68       0.00      0.00   0.00   0.00   0.00   0.00   0.00   0.00   0.00   0.00   0.00  -0.20   0.00   0.00   0.00 
04:29:37    346.051      21.50       0.00      23.67      50.00     757.76     439.40     141.72      60.52      49.59       0.00      0.00   0.00   0.00   0.00   0.00   0.00   0.00   0.00   0.00   0.00   0.00   0.00   0.00   0.00 
04:29:42    345.984      21.50       0.00      23.67      50.00     757.69     439.98     141.72      60.52      49.46       0.00      0.00   0.00   0.00   0.00   0.00   0.00   0.00   0.00   0.00   0.00   0.20   0.00   0.00   0.00 
04:29:47    345.918      21.50       0.00      23.67      50.00     757.26     440.56     141.72      60.52      49.34       0.00      0.00   0.00   0.00   0.00   0.00   0.00   0.00   0.00   0.00   0.00   0.40   0.00   0.00   0.00 
04:29:52    345.849      21.50       0.00      23.67      50.00     757.01     440.05     141.72      60.52      46.03       0.00      0.00   0.00   0.00   0.00   0.00   0.00   0.00   0.00   0.00   0.00   0.60   0.00   0.00   0.00 
04:29:58    345.782      21.50       0.00      23.67      50.00     756.68     440.56     141.72      60.52      45.92       0.00      0.00   0.00   0.00   0.00   0.00   0.00   0.00   0.00   0.00   0.00   0.80   0.00   0.00   0.00 
04:30:03    345.716      21.50       0.00      23.67      50.00     756.34     440.15     141.72      60.52      45.80       0.00      0.00   0.00   0.00   0.00   0.00   0.00   0.00   0.00   0.00   0.00   1.00   0.00   0.00   0.00 
04:30:08    345.646      21.50       0.00      23.67      50.00     756.27     440.31     141.72      60.52      45.62       0.00      0.00   0.00   0.00   0.00   0.00   0.00   0.00   0.00   0.00   0.00   1.20   0.00   0.00   0.00 
04:30:13    345.578      21.50       0.00      23.67      50.00     756.17     440.56     141.72      60.52      45.55       0.00      0.00   0.00   0.00   0.00   0.00   0.00   0.00   0.00   0.00   0.00   1.40   0.00   0.00   0.00 
04:30:18    345.513      21.50       0.00      23.67      50.00     755.76     440.31     141.72      60.52      45.34       0.00      0.00   0.00   0.00   0.00   0.00   0.00   0.00   0.00   0.00   0.00   1.60   0.00   0.00   0.00 
04:30:23    345.446      21.50       0.00      23.67      50.00     755.84     440.15     141.72      60.52      45.21       0.00      0.00   0.00   0.00   0.00   0.00   0.00   0.00   0.00   0.00   0.00   1.80   0.00   0.00   0.00 
04:30:28    345.378      21.50       0.00      23.67      50.00     755.43     440.15     141.72      60.52      45.06       0.00      0.00   0.00   0.00   0.00   0.00   0.00   0.00   0.00   0.00   0.00   2.00   0.00   0.00   0.00 
04:30:34    345.310      21.50       0.00      23.67      50.00     757.76     439.89     141.72      60.52      46.39       0.00      0.00   0.00   0.00   0.00   0.00   0.00   0.00   0.00   0.00   0.00   0.00   0.00   0.00   0.00 
04:30:40    345.230      21.50       0.00      23.67      50.00     759.76     439.55     141.72      60.52      46.84       0.00      0.00   0.00   0.00   0.00   0.00   0.00   0.00   0.00   0.00   0.00   0.00  -2.00   0.00   0.00 
04:30:45    345.165      21.50       0.00      23.67      50.00     759.93     439.40     141.72      60.52      46.89       0.00      0.00   0.00   0.00   0.00   0.00   0.00   0.00   0.00   0.00   0.00   0.00  -1.80   0.00   0.00 
04:30:50    345.097      21.50       0.00      23.67      50.00     760.10     439.47     141.72      60.52      46.73       0.00      0.00   0.00   0.00   0.00   0.00   0.00   0.00   0.00   0.00   0.00   0.00  -1.60   0.00   0.00 
04:30:55    345.025      21.50       0.00      23.67      50.00     759.68     439.31     141.72      60.52      46.69       0.00      0.00   0.00   0.00   0.00   0.00   0.00   0.00   0.00   0.00   0.00   0.00  -1.40   0.00   0.00 
04:31:00    344.960      21.50       0.00      23.67      50.00     759.43     439.40     141.72      60.52      46.60       0.00      0.00   0.00   0.00   0.00   0.00   0.00   0.00   0.00   0.00   0.00   0.00  -1.20   0.00   0.00 
04:31:06    344.895      21.50       0.00      23.67      50.00     759.10     440.48     141.72      60.52      46.50       0.00      0.00   0.00   0.00   0.00   0.00   0.00   0.00   0.00   0.00   0.00   0.00  -1.00   0.00   0.00 
04:31:11    344.825      21.50       0.00      23.67      50.00     758.77     439.64     141.72      60.52      46.48       0.00      0.00   0.00   0.00   0.00   0.00   0.00   0.00   0.00   0.00   0.00   0.00  -0.80   0.00   0.00 
04:31:16    344.759      21.50       0.00      23.67      50.00     758.10     439.72     141.72      60.52      46.43       0.00      0.00   0.00   0.00   0.00   0.00   0.00   0.00   0.00   0.00   0.00   0.00  -0.60   0.00   0.00 
04:31:21    344.693      21.50       0.00      23.67      50.00     758.10     439.47     141.72      60.52      46.42       0.00      0.00   0.00   0.00   0.00   0.00   0.00   0.00   0.00   0.00   0.00   0.00  -0.40   0.00   0.00 
04:31:26    344.625      21.50       0.00      23.67      50.00     757.76     439.72     141.72      60.52      46.37       0.00      0.00   0.00   0.00   0.00   0.00   0.00   0.00   0.00   0.00   0.00   0.00  -0.20   0.00   0.00 
04:31:31    344.557      21.50       0.00      23.67      50.00     757.59     439.98     141.72      60.52      46.32       0.00      0.00   0.00   0.00   0.00   0.00   0.00   0.00   0.00   0.00   0.00   0.00   0.00   0.00   0.00 
04:31:36    344.491      21.50       0.00      23.67      50.00     757.59     440.56     141.72      60.52      46.17       0.00      0.00   0.00   0.00   0.00   0.00   0.00   0.00   0.00   0.00   0.00   0.00   0.20   0.00   0.00 
04:31:41    344.427      21.50       0.00      23.67      50.00     757.18     440.56     141.72      60.52      46.17       0.00      0.00   0.00   0.00   0.00   0.00   0.00   0.00   0.00   0.00   0.00   0.00   0.40   0.00   0.00 
04:31:47    344.357      21.50       0.00      23.67      50.00     756.92     439.81     141.72      60.52      46.03       0.00      0.00   0.00   0.00   0.00   0.00   0.00   0.00   0.00   0.00   0.00   0.00   0.60   0.00   0.00 
04:31:52    344.287      21.50       0.00      23.67      50.00     756.68     440.31     141.72      60.52      45.97       0.00      0.00   0.00   0.00   0.00   0.00   0.00   0.00   0.00   0.00   0.00   0.00   0.80   0.00   0.00 
04:31:57    344.223      21.50       0.00      23.67      50.00     756.68     440.22     141.72      60.52      46.01       0.00      0.00   0.00   0.00   0.00   0.00   0.00   0.00   0.00   0.00   0.00   0.00   1.00   0.00   0.00 
04:32:02    344.157      21.50       0.00      23.67      50.00     756.43     440.31     141.72      60.52      45.98       0.00      0.00   0.00   0.00   0.00   0.00   0.00   0.00   0.00   0.00   0.00   0.00   1.20   0.00   0.00 
04:32:07    344.090      21.50       0.00      23.67      50.00     756.43     440.48     141.72      60.52      45.92       0.00      0.00   0.00   0.00   0.00   0.00   0.00   0.00   0.00   0.00   0.00   0.00   1.40   0.00   0.00 
04:32:12    344.026      21.50       0.00      23.67      50.00     755.84     440.22     141.72      60.52      45.86       0.00      0.00   0.00   0.00   0.00   0.00   0.00   0.00   0.00   0.00   0.00   0.00   1.60   0.00   0.00 
04:32:17    343.959      21.50       0.00      23.67      50.00     755.67     440.39     141.72      60.52      45.77       0.00      0.00   0.00   0.00   0.00   0.00   0.00   0.00   0.00   0.00   0.00   0.00   1.80   0.00   0.00 
04:32:22    343.893      21.50       0.00      23.67      50.00     755.50     440.73     141.72      60.52      45.68       0.00      0.00   0.00   0.00   0.00   0.00   0.00   0.00   0.00   0.00   0.00   0.00   2.00   0.00   0.00 
04:32:28    343.826      21.50       0.00      23.67      50.00     757.26     439.72     141.72      60.52      46.20       0.00      0.00   0.00   0.00   0.00   0.00   0.00   0.00   0.00   0.00   0.00   0.00   0.00   0.00   0.00 
04:32:34    343.747      21.50       0.00      23.67      50.00     759.43     439.64     141.72      60.52      46.33       0.00      0.00   0.00   0.00   0.00   0.00   0.00   0.00   0.00   0.00   0.00   0.00   0.00  -2.00   0.00 
04:32:39    343.680      21.50       0.00      23.67      50.00     759.26     439.40     141.72      60.52      46.27       0.00      0.00   0.00   0.00   0.00   0.00   0.00   0.00   0.00   0.00   0.00   0.00   0.00  -1.80   0.00 
04:32:44    343.614      21.50       0.00      23.67      50.00     759.35     439.40     141.72      60.52      46.19       0.00      0.00   0.00   0.00   0.00   0.00   0.00   0.00   0.00   0.00   0.00   0.00   0.00  -1.60   0.00 
04:32:49    343.547      21.50       0.00      23.67      50.00     758.68     439.40     141.72      60.52      46.22       0.00      0.00   0.00   0.00   0.00   0.00   0.00   0.00   0.00   0.00   0.00   0.00   0.00  -1.40   0.00 
04:32:54    343.479      21.50       0.00      23.67      50.00     758.60     440.05     141.72      60.52      46.21       0.00      0.00   0.00   0.00   0.00   0.00   0.00   0.00   0.00   0.00   0.00   0.00   0.00  -1.20   0.00 
04:32:59    343.411      21.50       0.00      23.67      50.00     758.68     439.55     141.72      60.52      46.23       0.00      0.00   0.00   0.00   0.00   0.00   0.00   0.00   0.00   0.00   0.00   0.00   0.00  -1.00   0.00 
04:33:05    343.347      21.50       0.00      23.67      50.00     758.34     439.81     141.72      60.52      46.26       0.00      0.00   0.00   0.00   0.00   0.00   0.00   0.00   0.00   0.00   0.00   0.00   0.00  -0.80   0.00 
04:33:10    343.280      21.50       0.00      23.67      50.00     758.01     439.47     141.72      60.52      46.34       0.00      0.00   0.00   0.00   0.00   0.00   0.00   0.00   0.00   0.00   0.00   0.00   0.00  -0.60   0.00 
04:33:15    343.212      21.50       0.00      23.67      50.00     758.10     439.55     141.72      60.52      46.27       0.00      0.00   0.00   0.00   0.00   0.00   0.00   0.00   0.00   0.00   0.00   0.00   0.00  -0.40   0.00 
04:33:20    343.147      21.50       0.00      23.67      50.00     757.93     439.47     141.72      60.52      46.24       0.00      0.00   0.00   0.00   0.00   0.00   0.00   0.00   0.00   0.00   0.00   0.00   0.00  -0.20   0.00 
04:33:25    343.081      21.50       0.00      23.67      50.00     757.52     439.64     141.72      60.52      46.19       0.00      0.00   0.00   0.00   0.00   0.00   0.00   0.00   0.00   0.00   0.00   0.00   0.00   0.00   0.00 
04:33:30    343.016      21.50       0.00      23.67      50.00     757.18     439.89     141.72      60.52      46.21       0.00      0.00   0.00   0.00   0.00   0.00   0.00   0.00   0.00   0.00   0.00   0.00   0.00   0.20   0.00 
04:33:35    342.947      21.50       0.00      23.67      50.00     757.18     440.56     141.72      60.52      46.07       0.00      0.00   0.00   0.00   0.00   0.00   0.00   0.00   0.00   0.00   0.00   0.00   0.00   0.40   0.00 
04:33:40    342.882      21.50       0.00      23.67      50.00     757.09     440.15     141.72      60.52      46.03       0.00      0.00   0.00   0.00   0.00   0.00   0.00   0.00   0.00   0.00   0.00   0.00   0.00   0.60   0.00 
04:33:46    342.815      21.50       0.00      23.67      50.00     756.92     440.15     141.72      60.52      46.03       0.00      0.00   0.00   0.00   0.00   0.00   0.00   0.00   0.00   0.00   0.00   0.00   0.00   0.80   0.00 
04:33:51    342.750      21.50       0.00      23.67      50.00     756.85     440.31     141.72      60.52      46.04       0.00      0.00   0.00   0.00   0.00   0.00   0.00   0.00   0.00   0.00   0.00   0.00   0.00   1.00   0.00 
04:33:56    342.682      21.50       0.00      23.67      50.00     756.60     440.31     141.72      60.52      46.06       0.00      0.00   0.00   0.00   0.00   0.00   0.00   0.00   0.00   0.00   0.00   0.00   0.00   1.20   0.00 
04:34:01    342.616      21.50       0.00      23.67      50.00     756.17     439.47     141.72      60.52      46.05       0.00      0.00   0.00   0.00   0.00   0.00   0.00   0.00   0.00   0.00   0.00   0.00   0.00   1.40   0.00 
04:34:06    342.550      21.50       0.00      23.67      50.00     755.84     440.39     141.72      60.52      46.09       0.00      0.00   0.00   0.00   0.00   0.00   0.00   0.00   0.00   0.00   0.00   0.00   0.00   1.60   0.00 
04:34:11    342.486      21.50       0.00      23.67      50.00     755.76     440.56     141.72      60.52      46.10       0.00      0.00   0.00   0.00   0.00   0.00   0.00   0.00   0.00   0.00   0.00   0.00   0.00   1.80   0.00 
04:34:17    342.420      21.50       0.00      23.67      50.00     755.76     440.31     141.72      60.52      46.19       0.00      0.00   0.00   0.00   0.00   0.00   0.00   0.00   0.00   0.00   0.00   0.00   0.00   2.00   0.00 
04:34:22    342.352      21.50       0.00      23.67      50.00     757.59     440.31     141.72      60.52      46.22       0.00      0.00   0.00   0.00   0.00   0.00   0.00   0.00   0.00   0.00   0.00   0.00   0.00   0.00   0.00 
04:34:28    342.274      21.50       0.00      23.67      50.00     759.18     439.64     141.72      60.52      46.05       0.00      0.00   0.00   0.00   0.00   0.00   0.00   0.00   0.00   0.00   0.00   0.00   0.00   0.00  -2.00 
04:34:33    342.207      21.50       0.00      23.67      50.00     759.18     439.81     141.72      60.52      41.71       0.00      0.00   0.00   0.00   0.00   0.00   0.00   0.00   0.00   0.00   0.00   0.00   0.00   0.00  -1.80 
04:34:38    342.143      21.50       0.00      23.67      50.00     759.26     439.31     141.72      60.52      41.79       0.00      0.00   0.00   0.00   0.00   0.00   0.00   0.00   0.00   0.00   0.00   0.00   0.00   0.00  -1.60 
04:34:43    342.074      21.50       0.00      23.67      50.00     758.68     439.64     141.72      60.52      41.83       0.00      0.00   0.00   0.00   0.00   0.00   0.00   0.00   0.00   0.00   0.00   0.00   0.00   0.00  -1.40 
04:34:48    342.009      21.50       0.00      23.67      50.00     758.51     439.98     141.72      60.52      41.91       0.00      0.00   0.00   0.00   0.00   0.00   0.00   0.00   0.00   0.00   0.00   0.00   0.00   0.00  -1.20 
04:34:53    341.943      21.50       0.00      23.67      50.00     758.43     439.47     141.72      60.52      41.88       0.00      0.00   0.00   0.00   0.00   0.00   0.00   0.00   0.00   0.00   0.00   0.00   0.00   0.00  -1.00 
04:34:59    341.878      21.50       0.00      23.67      50.00     758.17     440.05     141.72      60.52      41.87       0.00      0.00   0.00   0.00   0.00   0.00   0.00   0.00   0.00   0.00   0.00   0.00   0.00   0.00  -0.80 
04:35:04    341.811      21.50       0.00      23.67      50.00     758.01     440.15     141.72      60.52      41.81       0.00      0.00   0.00   0.00   0.00   0.00   0.00   0.00   0.00   0.00   0.00   0.00   0.00   0.00  -0.60 
04:35:09    341.745      21.50       0.00      23.67      50.00     757.85     440.48     141.72      60.52      41.70       0.00      0.00   0.00   0.00   0.00   0.00   0.00   0.00   0.00   0.00   0.00   0.00   0.00   0.00  -0.40 
04:35:14    341.677      21.50       0.00      23.67      50.00     757.85     439.89     141.72      60.52      41.80       0.00      0.00   0.00   0.00   0.00   0.00   0.00   0.00   0.00   0.00   0.00   0.00   0.00   0.00  -0.20 
04:35:19    341.611      21.50       0.00      23.67      50.00     757.76     440.65     141.72      60.52      41.75       0.00      0.00   0.00   0.00   0.00   0.00   0.00   0.00   0.00   0.00   0.00   0.00   0.00   0.00   0.00 
04:35:24    341.551      21.50       0.00      23.67      50.00     757.26     440.39     141.72      60.52      41.71       0.00      0.00   0.00   0.00   0.00   0.00   0.00   0.00   0.00   0.00   0.00   0.00   0.00   0.00   0.20 
04:35:30    341.483      21.50       0.00      23.67      50.00     757.59     439.64     141.72      60.52      41.78       0.00      0.00   0.00   0.00   0.00   0.00   0.00   0.00   0.00   0.00   0.00   0.00   0.00   0.00   0.40 
04:35:35    341.414      21.50       0.00      23.67      50.00     757.18     440.56     141.72      60.52      41.82       0.00      0.00   0.00   0.00   0.00   0.00   0.00   0.00   0.00   0.00   0.00   0.00   0.00   0.00   0.60 
04:35:40    341.348      21.50       0.00      23.67      50.00     756.92     439.98     141.72      60.52      41.91       0.00      0.00   0.00   0.00   0.00   0.00   0.00   0.00   0.00   0.00   0.00   0.00   0.00   0.00   0.80 
04:35:45    341.283      21.50       0.00      23.67      50.00     756.68     440.48     141.72      60.52      42.01       0.00      0.00   0.00   0.00   0.00   0.00   0.00   0.00   0.00   0.00   0.00   0.00   0.00   0.00   1.00 
04:35:50    341.215      21.50       0.00      23.67      50.00     756.68     440.22     141.72      60.52      42.00       0.00      0.00   0.00   0.00   0.00   0.00   0.00   0.00   0.00   0.00   0.00   0.00   0.00   0.00   1.20 
04:35:55    341.150      21.50       0.00      23.67      50.00     756.43     440.65     141.72      60.52      42.00       0.00      0.00   0.00   0.00   0.00   0.00   0.00   0.00   0.00   0.00   0.00   0.00   0.00   0.00   1.40 
04:36:00    341.086      21.50       0.00      23.67      50.00     756.43     440.56     141.72      60.52      42.06       0.00      0.00   0.00   0.00   0.00   0.00   0.00   0.00   0.00   0.00   0.00   0.00   0.00   0.00   1.60 
04:36:06    341.022      21.50       0.00      23.67      50.00     755.93     440.48     141.72      60.52      42.09       0.00      0.00   0.00   0.00   0.00   0.00   0.00   0.00   0.00   0.00   0.00   0.00   0.00   0.00   1.80 
04:36:11    340.953      21.50       0.00      23.67      50.00     755.76     440.48     141.72      60.52      42.13       0.00      0.00   0.00   0.00   0.00   0.00   0.00   0.00   0.00   0.00   0.00   0.00   0.00   0.00   2.00 
04:36:16    340.891      21.50       0.00      23.67      50.00     757.43     440.31     141.72      60.52      41.96       0.00      0.00   0.00   0.00   0.00   0.00   0.00   0.00   0.00   0.00   0.00   0.00   0.00   0.00   0.00 
04:36:17    340.872      21.50       0.00      23.67      50.00     757.26     440.05     141.72      60.52      42.02       0.00      0.00   0.00   0.00   0.00   0.00   0.00   0.00   0.00   0.00   0.00   0.00   0.00   0.00   0.00 
