Stare Time: 30-Sep-2019 05:54:57
    Time    Current       EPUg       EPUp        U50        U90         Fx         Fy      SizeX      SizeY     BL11I0  InjectEff      CH11   CH12   CH13   CH14   CH15   CH16   CH17   CH21   CH22   CH23   CH24   CH25   CH26   CH27
05:54:57    364.172      21.50      28.00      24.30      30.00     759.35     437.98     136.20      61.41      65.82       0.00      0.00   0.00   0.00   0.00   0.00   0.00   0.00   0.00   0.00   0.00   0.00   0.00   0.00   0.00 
05:55:02    364.095      21.50      28.00      24.30      30.00     772.27     435.48     136.20      61.41      39.67       0.00     -1.04   0.90  -1.57  -0.46   0.64  -0.78  -0.74   1.74   0.54  -1.93  -1.51   0.72  -1.71   1.00 
05:55:08    364.020      21.50      28.00      24.30      30.00     760.94     436.90     136.07      72.35      65.13       0.00      0.18   1.35  -0.68   1.75  -0.15  -0.85   1.45  -0.68  -1.72   0.92  -1.97  -0.18  -1.75  -1.39 
05:55:13    363.948      21.50      28.00      24.30      30.00     763.35     437.64     137.03      58.69      65.06       0.00     -1.44   0.99   0.73  -1.97   1.28  -1.46  -0.65   0.70   1.85  -0.15  -1.20   1.26  -0.44  -0.29 
05:55:19    363.875      21.50      28.00      24.30      30.00     776.77     433.80     136.56      73.41      64.97       0.00      0.81  -0.63   0.80  -0.18   1.91   1.72   1.48   0.37  -0.35  -1.39   0.47  -0.90   1.31   0.34 
05:55:24    363.801      21.50      28.00      24.30      30.00     732.33     443.47     134.15      64.01      63.43       0.00      0.32   1.54  -0.08   1.84  -1.25  -0.87  -1.58  -0.54   0.61   0.03   0.99   1.15   1.26   1.88 
05:55:29    363.727      21.50      28.00      24.30      30.00     753.84     438.97     136.18      59.84      65.38       0.00     -1.92   0.71   0.12   0.92  -1.62  -0.01  -0.36  -0.94   1.31  -0.32   1.46  -1.89   0.40  -0.88 
05:55:35    363.657      21.50      28.00      24.30      30.00     759.26     438.39     135.86      59.18      65.75       0.00     -1.37   1.73  -1.70   1.56  -0.27  -1.03   0.73   0.51  -0.81   0.81   0.49   1.39   0.78   1.74 
05:55:40    363.583      21.50      28.00      24.30      30.00     772.70     435.96     137.63      65.01      66.31       0.00      1.07   1.02  -1.36  -1.22  -0.62   1.38   0.56   0.65  -1.66   1.63  -1.81  -0.80   0.42  -1.16 
05:55:46    363.510      21.50      28.00      24.30      30.00     750.25     439.47     135.88      60.05      65.10       0.00      1.14   0.05   0.75  -1.35  -0.87  -0.32   0.56  -1.03   0.51   0.34   1.19   1.57   1.00   1.13 
05:55:51    363.437      21.50      28.00      24.30      30.00     761.27     437.22     136.86      62.41      65.94       0.00      0.84  -1.00  -0.54   1.70   1.01  -1.00   0.57  -0.04   0.44  -0.75   0.91  -0.80  -0.37   0.21 
05:55:56    363.366      21.50      28.00      24.30      30.00     772.27     434.97     137.83      58.58      66.45       0.00     -1.52  -1.42   1.45  -1.76  -1.36   1.16   0.11   0.21   0.26  -0.05   1.40  -1.94  -0.41  -1.80 
05:56:01    363.293      21.50      28.00      24.30      30.00     753.17     438.39     137.83      58.58      64.88       0.00     -0.15   1.82   0.26  -0.56  -1.54  -1.66  -1.28   1.20  -0.59  -1.37   0.82  -1.61   0.97  -0.61 
05:56:07    363.222      21.50      28.00      24.30      30.00     740.67     441.40     134.78      66.01      64.79       0.00     -1.43  -0.03   1.01   1.52   1.13  -0.33  -1.83   0.05  -0.26  -0.26  -1.03   1.47  -1.53   1.18 
05:56:12    363.155      21.50      28.00      24.30      30.00     734.90     442.82     134.33      65.85      64.40       0.00     -1.01   1.20   1.28   1.38   0.48  -0.45  -1.89   0.55  -1.65   0.30   0.53   0.98   1.26   1.05 
05:56:17    363.082      21.50      28.00      24.30      30.00     782.54     433.22     138.00      71.77      65.75       0.00     -1.97   1.17   1.68   1.12   1.65   1.92   0.72   0.57   1.44  -0.39  -1.50  -0.33  -1.71  -1.71 
05:56:23    363.009      21.50      28.00      24.30      30.00     746.42     440.39     135.14      60.75      64.79       0.00     -1.45   0.07  -0.68   1.19  -0.17   0.34  -1.08  -0.52   0.56   1.51   0.09   1.62   0.55  -0.63 
05:56:28    362.938      21.50      28.00      24.30      30.00     765.85     436.47     136.53      70.27      65.48       0.00      0.26   0.17  -0.71   0.04   1.53   1.55   0.30   0.65  -1.98   1.60   1.16  -1.69  -0.88   0.86 
05:56:33    362.867      21.50      28.00      24.30      30.00     771.94     435.39     137.55      61.65      66.36       0.00     -1.78  -0.60   0.01   1.59   0.23   1.98   0.01   1.30  -0.79   1.61   1.64  -0.89   1.01  -1.10 
05:56:39    362.792      21.50      28.00      24.30      30.00     773.69     435.14     138.04      56.62      66.07       0.00      0.33  -0.28  -1.54   0.32   0.77  -1.57   1.71   0.16   0.93   1.06   1.49  -0.45  -1.37   0.64 
05:56:44    362.725      21.50      28.00      24.30      30.00     754.42     438.89     135.86      60.92      65.64       0.00      0.57  -0.85  -1.99   1.28   0.15  -0.04   0.23  -0.53  -0.38   0.89   1.64   1.18  -0.76  -1.44 
05:56:49    362.653      21.50      28.00      24.30      30.00     760.60     437.55     136.56      64.79      65.81       0.00     -0.35  -0.32  -0.92  -0.63   0.99  -1.47   1.33  -1.23  -0.05  -1.15   0.22  -0.13  -1.21  -1.77 
05:56:55    362.579      21.50      28.00      24.30      30.00     760.36     432.64     139.51      55.35      66.01       0.00     -1.11  -1.17  -1.65  -1.32  -0.16  -0.36   2.00   0.66   1.36   1.08   1.16  -0.86   1.81   1.73 
05:57:00    362.496      21.50      28.00      24.30      30.00     778.79     433.39     138.86      56.36      66.62       0.00     -0.49  -1.50   0.71  -0.78  -1.66  -1.09   1.87  -0.26   1.18  -1.80  -0.51  -0.77  -1.69   1.54 
05:57:05    362.423      21.50      28.00      24.30      30.00     774.61     434.30     138.86      56.36      66.33       0.00     -1.09  -1.00  -0.67   0.78  -0.63   1.52   0.91   0.63  -1.65   1.96   0.35  -1.37   1.03  -1.60 
05:57:11    362.346      21.50      28.00      24.30      30.00     764.11     435.80     137.10      58.34      65.81       0.00      0.12   1.65   0.30   1.94  -1.16   0.32  -0.19   0.31   1.75   0.80  -1.02   0.72  -0.30  -1.85 
05:57:16    362.280      21.50      28.00      24.30      30.00     742.58     440.89     133.83      72.35      63.93       0.00      1.57  -1.23   0.63   1.00   1.31   1.34  -1.37  -1.84   1.17  -0.77  -1.71  -1.05  -0.71  -1.59 
05:57:21    362.210      21.50      28.00      24.30      30.00     775.86     435.14     138.20      56.82      66.41       0.00      1.13  -1.70  -1.50  -0.81   1.33  -0.34   1.50  -0.40   1.45   1.48   0.53  -1.45   0.03  -0.86 
05:57:26    362.138      21.50      28.00      24.30      30.00     751.17     438.80     135.51      71.06      64.85       0.00      0.75   1.65  -1.55   1.46  -0.56   0.15   1.30  -1.31  -1.45   0.65  -0.95   1.60  -0.44   1.46 
05:57:32    362.065      21.50      28.00      24.30      30.00     764.77     437.31     137.47      57.93      65.85       0.00      0.51   0.05  -1.10  -1.99   1.20   0.10   1.37  -0.66   0.56   1.90   1.94  -1.18   1.75   1.51 
05:57:37    361.994      21.50      28.00      24.30      30.00     748.01     440.22     135.22      62.08      65.06       0.00      1.25  -1.14   1.41   0.10  -0.27   0.35  -1.57  -0.23   0.42   0.83  -0.85  -1.69   1.15  -1.31 
05:57:42    361.922      21.50      28.00      24.30      30.00     750.25     439.40     135.71      60.26      64.93       0.00     -0.69   0.35  -1.49   1.17  -1.04   1.45  -2.00  -0.38   1.77  -0.56   1.46  -0.51  -0.71  -1.11 
05:57:48    361.855      21.50      28.00      24.30      30.00     725.23     445.49     133.38      70.57      63.71       0.00      0.85   1.05   0.39  -0.58   0.60   0.68  -1.58  -1.98  -1.01   0.95   0.65   0.05   1.29  -1.77 
05:57:53    361.783      21.50      28.00      24.30      30.00     767.53     436.13     137.22      66.33      65.75       0.00     -1.40  -1.56   1.09   0.98  -1.29   1.13  -0.01   0.08   0.01  -1.43  -0.63  -0.99  -1.61   0.66 
05:57:58    361.711      21.50      28.00      24.30      30.00     753.43     439.14     136.26      63.31      65.40       0.00      0.46   0.78  -0.79   1.14   0.00   0.29  -0.32   0.94  -1.93   0.78   0.77   1.05   1.88  -0.08 
05:58:04    361.643      21.50      28.00      24.30      30.00     751.43     439.06     136.26      63.31      64.83       0.00     -0.08  -0.43  -0.55  -1.99  -1.46  -0.14   0.70  -1.89   0.91   0.02   1.41   0.44   1.27   0.58 
05:58:09    361.570      21.50      28.00      24.30      30.00     746.09     440.48     134.94      63.21      65.00       0.00      0.11   0.35  -0.71   0.91  -0.51   0.71  -1.89  -0.06  -0.61   1.65  -1.18  -1.50  -0.46  -0.59 
05:58:14    361.502      21.50      28.00      24.30      30.00     748.33     440.39     135.09      69.47      64.87       0.00      0.41   1.74  -0.09   1.16  -1.31   1.24   0.66  -1.72  -0.46   0.51   0.91   0.26  -1.50   0.89 
05:58:20    361.420      21.50      28.00      24.30      30.00     785.20     432.06     138.99      62.85      66.59       0.00      0.33  -0.08  -0.65   1.19  -1.32   1.61   1.57   1.58  -1.19   0.09   1.91  -0.72  -1.27   0.95 
05:58:25    361.350      21.50      28.00      24.30      30.00     738.17     442.22     134.71      62.93      64.22       0.00      0.12   1.62  -1.49   1.81  -0.26  -1.68  -1.63  -0.19  -0.81   1.04  -1.40   1.52  -1.97  -1.36 
05:58:31    361.282      21.50      28.00      24.30      30.00     743.01     441.56     135.11      62.21      64.82       0.00     -1.90   1.34  -0.57   1.98  -1.99   1.60  -1.11  -1.05   0.17   1.53   0.51  -0.52   1.74  -0.39 
05:58:36    361.203      21.50      28.00      24.30      30.00     767.70     435.96     137.16      58.49      65.80       0.00     -1.70  -1.81  -1.86   1.41   1.96  -1.40  -0.07   1.58  -0.42  -0.69   1.31   0.06   1.16   0.07 
05:58:41    361.134      21.50      28.00      24.30      30.00     770.35     435.39     136.75      63.80      66.02       0.00     -0.68   1.70   0.82  -1.86   1.58   1.89  -0.16   0.65   1.14  -1.25   1.81  -1.00  -1.04   1.79 
05:58:47    361.061      21.50      28.00      24.30      30.00     762.86     436.56     136.73      64.01      65.66       0.00     -1.49  -1.32  -0.44   0.23   1.60  -0.87   0.37   0.07   0.28  -1.83  -1.73   1.13   1.25   1.11 
05:58:52    360.989      21.50      28.00      24.30      30.00     765.61     436.47     136.83      61.68      65.85       0.00     -1.59   1.65  -1.05   0.52  -0.73  -1.70   1.32   0.62  -1.57  -1.32   0.40   0.69  -0.49   1.10 
05:58:57    360.920      21.50      28.00      24.30      30.00     763.61     436.64     137.08      64.77      65.63       0.00      1.53  -0.49   0.08   0.32   1.65  -0.28   0.34   0.70  -0.80   0.56  -0.64   0.53   0.10  -0.71 
05:59:03    360.852      21.50      28.00      24.30      30.00     752.51     438.15     137.08      64.77      64.78       0.00     -0.29   1.19  -0.33  -0.60  -1.26  -1.18  -0.34   0.52  -1.01   0.14  -0.17   1.88   0.94  -0.26 
05:59:08    360.785      21.50      28.00      24.30      30.00     739.74     441.98     134.58      71.14      64.17       0.00     -0.19   1.95   0.23   1.10  -0.50  -0.07  -0.58  -1.35  -0.23  -0.79  -1.93  -0.95   1.36   1.96 
05:59:13    360.715      21.50      28.00      24.30      30.00     758.51     437.89     136.61      59.67      64.33       0.00     -0.15  -0.54  -0.13  -0.50  -1.75  -0.72  -0.29   0.71   0.03  -0.15   1.30   1.36   0.34   1.47 
05:59:19    360.646      21.50      28.00      24.30      30.00     745.25     439.81     134.72      65.14      62.47       0.00      0.97  -1.96   0.30   0.09   0.28  -1.70  -1.27   0.36   0.87   1.03   0.92   1.66   1.64   0.31 
05:59:24    360.578      21.50      28.00      24.30      30.00     743.75     441.40     135.15      69.19      64.40       0.00      0.19   0.42   0.97   1.69   0.19  -1.07  -1.24   0.05  -1.03  -0.83  -1.17  -1.08  -1.25   0.51 
05:59:29    360.511      21.50      28.00      24.30      30.00     729.15     443.81     133.16      78.19      62.88       0.00      1.20   0.82   1.77  -0.17   1.86  -0.39  -1.61  -1.66  -0.33  -1.10  -1.09  -1.63   0.75  -1.14 
05:59:35    360.442      21.50      28.00      24.30      30.00     735.82     442.82     134.40      62.60      64.06       0.00      1.09  -0.88   0.74   0.26  -1.84   0.44  -1.28  -1.85   1.02   0.67  -0.54   1.53  -0.28  -0.90 
05:59:40    360.373      21.50      28.00      24.30      30.00     752.01     438.89     134.64      72.35      64.35       0.00      1.96   0.56   1.03   0.17  -1.23  -0.80   1.18  -1.21  -1.53  -1.92   1.25  -0.82  -1.27  -1.49 
05:59:45    360.301      21.50      28.00      24.30      30.00     758.43     437.89     135.46      72.35      64.18       0.00     -0.21   0.29  -0.10   0.14   0.39   0.13   1.50  -0.87  -1.79  -1.21   0.00   0.74   1.36  -1.49 
05:59:51    360.231      21.50      28.00      24.30      30.00     753.09     437.98     135.88      63.44      62.99       0.00     -1.23   0.21  -1.66  -0.88  -1.54  -0.07  -1.53  -0.11   1.39   1.91  -1.56   0.36   1.03   0.62 
05:59:56    360.159      21.50      28.00      24.30      30.00     758.01     437.98     136.27      63.12      65.42       0.00     -0.70   0.37  -0.02   1.79  -0.89   0.54  -0.52   0.45  -0.78   0.83  -0.60  -1.05   1.21  -1.38 
06:00:01    360.088      21.50      28.00      24.30      30.00     777.11     433.29     136.27      63.12      64.29       0.00     -1.86  -1.92  -0.27  -1.71  -0.27  -1.20   0.24   1.43   0.67   1.01   1.35   1.64  -1.70  -1.20 
06:00:07    360.013      21.50      28.00      24.30      30.00     776.03     433.29     138.54      56.89      65.06       0.00      0.03  -1.88   1.77  -0.82   0.92  -1.38   0.25   1.20   1.99   1.31  -0.44  -0.86   0.08  -0.68 
06:00:12    359.938      21.50      28.00      24.30      30.00     774.20     434.55     138.24      56.91      66.07       0.00     -0.78  -1.79   1.71  -1.41  -0.67   0.71   1.52  -0.11   0.61   1.92   0.01  -0.73   1.96   1.17 
06:00:17    359.862      21.50      28.00      24.30      30.00     780.70     433.22     138.26      63.95      66.21       0.00     -1.40  -1.38  -1.02   0.19   0.14   0.74   1.70   0.65  -0.97  -0.57   1.50  -0.16  -1.87   1.57 
06:00:23    359.789      21.50      28.00      24.30      30.00     771.60     434.55     138.10      59.81      65.91       0.00     -1.85   1.72  -0.19  -0.66  -0.45  -1.94   0.23   2.00  -1.93  -1.46   0.00  -0.94   0.10  -1.71 
06:00:28    359.717      21.50      28.00      24.30      30.00     736.16     442.22     134.70      63.64      64.36       0.00      0.38  -0.85  -1.20   1.10  -1.95   0.89  -0.79  -1.93  -0.60   0.85   1.89   0.59  -1.41  -0.30 
06:00:34    359.639      21.50      28.00      24.30      30.00     737.33     428.72     141.21      55.84      66.95       0.00      1.12  -0.24  -1.18   1.24  -1.14   1.65   1.72   1.97   0.70   1.83   0.59  -1.59  -1.64   0.34 
06:00:39    359.553      21.50      28.00      24.30      30.00     784.21     431.97     138.58      64.74      66.12       0.00      1.34  -1.96   1.87  -0.82  -0.63   0.60   1.27   1.68  -1.86   1.09  -1.72  -1.96  -0.35   0.82 
06:00:44    359.482      21.50      28.00      24.30      30.00     750.76     439.14     135.64      60.45      64.82       0.00     -1.29  -0.12  -1.03   0.80   0.01  -0.47  -1.42   1.00  -1.92   1.87   1.13  -0.83  -1.95   0.32 
06:00:50    359.411      21.50      28.00      24.30      30.00     748.26     440.48     135.36      63.49      64.87       0.00     -1.08   1.52  -1.84   1.73  -1.47   0.24  -0.69  -0.96   0.34  -1.70   1.91  -1.01  -1.65   0.09 
06:00:55    359.344      21.50      28.00      24.30      30.00     738.75     442.05     133.48      72.35      63.70       0.00      1.06   0.89  -1.59  -0.17   1.42  -0.05  -1.67  -0.68  -1.77   0.44  -1.90  -1.58   0.37  -1.06 
06:01:00    359.271      21.50      28.00      24.30      30.00     778.94     433.72     134.21      72.35      66.19       0.00      1.82   1.20   0.28   1.88   1.53   0.14   1.10   1.61   1.35   0.56   0.80   1.92  -1.30   0.34 
06:01:06    359.202      21.50      28.00      24.30      30.00     770.03     435.14     134.21      72.35      65.66       0.00      0.54  -0.43  -1.68   0.63   0.69   1.46  -0.99   1.21   0.65  -1.92  -0.02  -1.87   1.44  -0.07 
06:01:11    359.127      21.50      28.00      24.30      30.00     770.95     435.22     137.72      59.00      65.81       0.00     -0.07   0.12   0.51  -0.02  -1.45  -0.23  -0.04   0.96   0.20  -0.69  -1.73   0.06  -1.09  -0.31 
06:01:16    359.059      21.50      28.00      24.30      30.00     775.69     434.06     136.69      78.96      64.09       0.00      1.48  -0.28  -0.53   1.62   1.92   1.39   0.76   1.31  -0.86  -1.79  -1.14   0.74   0.17   1.16 
06:01:22    358.981      21.50      28.00      24.30      30.00     782.37     432.97     139.18      57.60      66.38       0.00      0.84   0.30  -1.36  -1.53  -1.71   0.17   1.72  -0.30   1.41  -1.12  -1.37  -1.11   1.20  -1.39 
06:01:27    358.911      21.50      28.00      24.30      30.00     735.24     442.82     133.81      71.60      63.75       0.00     -1.08  -0.57   0.86   0.20  -0.80   1.45  -1.21  -1.33  -1.65  -0.72   1.90   1.62  -0.51  -1.43 
06:01:32    358.837      21.50      28.00      24.30      30.00     760.26     438.30     136.82      58.97      64.75       0.00     -0.97  -1.75  -1.43   1.18   1.91  -1.31  -1.57   1.72   0.66  -1.43   1.16   0.51   0.41  -0.72 
06:01:38    358.770      21.50      28.00      24.30      30.00     751.77     438.80     135.61      67.82      64.80       0.00      1.15   1.60  -0.94  -0.27   0.26  -1.29   1.80  -1.67  -0.91  -0.49   1.29  -1.15   0.92  -0.30 
06:01:43    358.697      21.50      28.00      24.30      30.00     764.77     436.39     136.55      64.90      65.39       0.00      0.61  -0.93  -0.24  -1.79  -0.78  -1.29   1.17  -0.49  -1.34  -1.96   0.30  -1.00  -1.38  -1.22 
06:01:48    358.629      21.50      28.00      24.30      30.00     751.26     439.06     135.75      68.74      64.58       0.00     -1.58   0.81   1.84   1.06  -0.39   0.39   0.03  -0.02  -1.59  -0.28   1.97  -1.32   0.28   1.13 
06:01:54    358.560      21.50      28.00      24.30      30.00     776.70     434.30     137.91      62.08      66.02       0.00     -0.97   1.44   0.64   0.68   0.87   0.96   1.62   0.57   0.07   1.51   0.62   1.57  -1.00  -1.02 
06:01:59    358.486      21.50      28.00      24.30      30.00     755.67     437.89     135.71      68.81      64.81       0.00     -0.21  -0.82   0.64  -1.84   1.07   1.22   0.50  -1.17  -0.72   0.19   0.73   1.23  -1.88   0.08 
06:02:04    358.416      21.50      28.00      24.30      30.00     755.84     432.06     135.71      68.81      66.19       0.00     -1.78  -1.98  -1.86  -1.99   0.74  -0.78   0.55   1.88  -0.25  -0.67  -0.58  -1.24   0.48  -0.41 
06:02:10    358.347      21.50      28.00      24.30      30.00     729.73     444.31     133.35      74.37      62.86       0.00      0.93  -1.24   0.99  -0.98   0.72   0.95  -1.39  -1.78  -1.90  -0.13   1.29  -1.91  -0.65   1.85 
06:02:15    358.276      21.50      28.00      24.30      30.00     747.92     440.56     134.21      72.35      63.97       0.00      1.88   1.01   0.51  -1.75  -0.49   0.92   0.92  -1.39  -1.79  -0.35  -0.15   0.19   1.77   1.69 
06:02:20    358.207      21.50      28.00      24.30      30.00     769.44     435.48     137.37      59.76      65.64       0.00      0.69  -1.99  -0.30   1.14  -0.31   1.34  -0.89   1.96  -0.73  -0.35   1.83   0.66  -0.67  -1.25 
06:02:25    358.140      21.50      28.00      24.30      30.00     746.67     440.31     134.76      69.31      64.33       0.00      1.57   1.34  -0.23   0.78  -0.01   0.50  -0.07  -0.25  -1.65   0.71  -0.91   1.80   1.78  -0.63 
06:02:31    358.066      21.50      28.00      24.30      30.00     773.19     434.30     137.73      60.86      65.78       0.00      0.87  -0.29  -1.15   0.85  -0.53  -1.01   0.47   1.61  -1.72  -0.03   0.16  -1.42  -1.10  -1.41 
06:02:36    357.998      21.50      28.00      24.30      30.00     730.66     444.07     134.09      68.50      63.57       0.00      1.93   0.39   1.85   0.22  -0.66   0.25  -1.80  -1.15  -0.92   1.28  -1.28  -1.30   0.38   0.46 
06:02:41    357.924      21.50      28.00      24.30      30.00     774.78     434.55     137.86      61.17      65.86       0.00     -1.82   0.99   0.60   0.10   0.28  -1.02   1.89   0.41  -0.50   0.26   0.07  -0.29  -1.60   0.69 
06:02:47    357.855      21.50      28.00      24.30      30.00     752.59     439.72     136.01      61.63      64.89       0.00     -1.67   1.06  -0.64  -0.08   0.94   1.58  -1.37   0.42  -0.56   1.58   1.73  -0.24  -1.58   1.53 
06:02:52    357.783      21.50      28.00      24.30      30.00     765.36     436.97     136.81      65.71      65.27       0.00      1.83   0.17  -1.25  -0.85   0.13   0.11   1.82  -0.82   0.00  -1.87   0.68   1.06   0.42   1.46 
06:02:57    357.709      21.50      28.00      24.30      30.00     755.93     438.06     136.02      62.01      65.03       0.00      1.91   0.21   1.15   0.43   0.46  -1.61   1.04  -0.99   0.51   1.52  -1.93  -0.82   0.40  -0.97 
06:03:03    357.637      21.50      28.00      24.30      30.00     780.86     433.05     136.02      62.01      64.88       0.00      1.17  -1.96  -0.70  -0.86  -1.30   1.47   0.03   1.43   1.77   1.02   0.35   1.34   1.48  -0.54 
06:03:08    357.571      21.50      28.00      24.30      30.00     753.84     437.72     134.03      88.71      61.96       0.00      0.01  -0.19   1.84  -0.20   1.96   1.75   1.94  -1.85  -1.74   0.26   0.78   1.56   0.52  -1.00 
06:03:14    357.501      21.50      28.00      24.30      30.00     743.66     440.73     135.45      64.05      64.26       0.00      1.44  -1.90   1.31   0.47   0.37  -0.20  -1.94   0.04   0.76  -1.59  -1.93   0.10   0.90   1.70 
06:03:19    357.431      21.50      28.00      24.30      30.00     766.86     435.39     137.16      62.97      62.64       0.00     -1.17  -1.48  -1.66  -0.02  -0.51  -1.33  -0.35   1.76   0.11   1.69   1.53   1.22   1.66   0.36 
06:03:24    357.363      21.50      28.00      24.30      30.00     769.36     435.05     137.68      57.71      64.44       0.00      1.63  -1.58   0.12  -0.61  -1.95   0.01   0.91   0.79   0.28   1.50   0.79   1.29   1.89   1.48 
06:03:29    357.291      21.50      28.00      24.30      30.00     750.51     439.64     135.66      61.94      64.73       0.00     -0.29  -0.38   1.99   0.36  -0.44   0.78  -0.40  -1.16   1.26   1.65  -1.84  -1.09   0.63   1.76 
06:03:35    357.217      21.50      28.00      24.30      30.00     754.92     438.30     136.13      59.73      64.45       0.00      0.69   1.90   1.91   0.37  -1.62  -0.70  -1.19   0.75   1.62  -1.90  -0.85   0.50  -1.40   1.79 
06:03:40    357.143      21.50      28.00      24.30      30.00     762.86     438.30     136.46      62.20      65.11       0.00      0.60   0.31  -1.93   1.19   0.83  -1.68  -0.34   1.48  -0.86  -1.81  -0.58  -1.41   1.55   0.72 
06:03:46    357.077      21.50      28.00      24.30      30.00     762.52     436.97     137.28      60.75      63.31       0.00     -1.28   0.62   0.53   0.03  -1.17  -0.17  -1.32   1.48   0.98   1.49   0.83   0.54  -0.38  -0.74 
06:03:51    357.007      21.50      28.00      24.30      30.00     728.91     444.07     133.86      65.16      63.29       0.00     -0.93   1.07   0.52   1.37   1.69  -1.48  -1.52  -1.31   1.28  -1.89   1.64   1.76  -0.56   0.21 
06:03:56    356.936      21.50      28.00      24.30      30.00     766.28     436.39     137.07      63.37      65.38       0.00     -1.70  -1.03   1.83  -1.91   0.01   0.73   0.99  -1.96   1.81   0.33  -1.73  -1.87  -1.87   0.39 
06:04:02    356.861      21.50      28.00      24.30      30.00     770.85     436.56     137.07      63.37      65.52       0.00      1.46  -0.07   0.68   1.58  -1.29   0.36   0.39   0.88   0.46   0.89  -1.31   1.97  -1.57  -1.32 
06:04:07    356.793      21.50      28.00      24.30      30.00     756.34     437.81     136.71      59.74      64.72       0.00     -0.12  -0.34   0.38  -0.64  -1.69   0.30  -1.16   0.34  -0.68   1.72  -1.97  -0.97  -1.78   1.15 
06:04:12    356.721      21.50      28.00      24.30      30.00     774.03     435.22     137.99      57.72      65.69       0.00     -1.68   1.21   0.89  -1.99  -1.52   1.60   0.56   0.32   0.35   1.63  -1.95   0.51   0.26   1.11 
06:04:17    356.654      21.50      28.00      24.30      30.00     742.17     440.89     133.90      74.38      63.03       0.00     -0.32   0.28   1.60  -0.57  -0.36   0.81  -0.67  -1.15  -1.86  -0.62  -0.68  -0.54   0.48  -1.82 
06:04:23    356.583      21.50      28.00      24.30      30.00     772.78     435.22     137.96      60.96      65.65       0.00     -1.81  -1.44   1.17  -0.80  -1.73   1.87   0.66  -0.75   1.69  -1.00  -1.74   0.13  -0.32   1.79 
06:04:28    356.515      21.50      28.00      24.30      30.00     748.33     440.05     134.76      69.61      64.12       0.00      0.12  -1.95   0.71   2.00   1.02   1.32  -0.53  -1.05   1.11  -1.84   1.85   0.73  -0.96   1.26 
06:04:33    356.448      21.50      28.00      24.30      30.00     765.10     435.96     135.34      78.33      63.60       0.00     -0.66   0.63   1.13   0.31  -1.67   0.76   1.68  -0.84  -1.38  -1.95  -1.06  -1.03   0.31   1.09 
06:04:39    356.373      21.50      28.00      24.30      30.00     774.70     434.97     137.95      58.06      65.54       0.00      0.49   1.49  -1.52   1.42  -0.09  -0.48   0.52   0.69   1.73  -0.23  -1.98  -0.06  -1.03   0.74 
06:04:44    356.303      21.50      28.00      24.30      30.00     746.26     440.80     134.92      66.44      64.19       0.00     -1.90   0.68   0.95  -0.28  -0.01   0.75  -1.46  -0.09  -0.79  -0.48  -0.78   0.64   1.65  -1.91 
06:04:49    356.238      21.50      28.00      24.30      30.00     758.43     438.22     135.98      61.44      64.85       0.00     -0.39  -0.81  -0.49   1.87  -0.99  -1.09   0.23   0.12  -0.32  -0.98  -1.04   1.60  -0.65   0.64 
06:04:55    356.170      21.50      28.00      24.30      30.00     747.34     439.72     134.49      72.35      63.66       0.00     -0.71   0.81   0.95   1.43   1.59  -1.31   1.46  -1.36  -1.73   0.86   1.79  -0.81  -1.94   0.83 
06:05:00    356.105      21.50      28.00      24.30      30.00     738.92     441.47     134.50      70.69      63.89       0.00      0.71  -0.18  -0.20  -1.85  -0.89   0.47  -1.55  -0.70  -1.55   0.74  -1.97   1.43   0.67  -0.09 
06:05:05    356.036      21.50      28.00      24.30      30.00     772.44     434.55     134.50      70.69      65.10       0.00      1.93  -1.46   0.72  -1.34   0.13   0.49   0.01   0.85   1.30   0.48   0.91  -1.00   1.01  -1.30 
06:05:11    355.963      21.50      28.00      24.30      30.00     774.36     435.05     137.86      60.64      65.57       0.00      0.33  -1.50  -0.03   0.86   1.60   0.80   0.70   0.52   0.53   1.28   1.81  -1.11  -1.64  -0.92 
06:05:16    355.898      21.50      28.00      24.30      30.00     755.76     438.06     135.42      69.91      64.21       0.00      0.65   0.82  -1.44   1.88   1.23   1.46  -0.21  -0.64   1.16  -1.46   0.55  -0.86   1.00   1.70 
06:05:21    355.832      21.50      28.00      24.30      30.00     740.34     441.64     134.38      68.61      63.79       0.00      0.26   0.94  -0.18  -1.78  -0.02   1.53  -1.29  -0.88  -1.43   0.23   0.98  -1.85   1.51   0.64 
06:05:27    355.758      21.50      28.00      24.30      30.00     771.02     434.97     137.61      57.10      64.95       0.00     -0.48  -0.93  -0.54   0.84  -0.90  -1.24   0.89   0.64   0.20   0.32   1.48  -1.44  -0.07  -0.36 
06:05:32    355.684      21.50      28.00      24.30      30.00     758.68     437.05     136.50      59.62      63.65       0.00      0.61   1.71   1.05  -0.64   0.78  -1.28  -0.40   0.81   1.68   1.15  -1.25   1.99   1.19   0.04 
06:05:37    355.622      21.50      28.00      24.30      30.00     730.49     444.24     133.69      70.14      63.02       0.00      0.76  -0.15  -0.27   1.51   0.88  -0.75  -1.74  -0.31  -1.44  -1.66   0.76   0.20   1.63   1.59 
06:05:43    355.550      21.50      28.00      24.30      30.00     751.34     439.06     135.72      59.98      63.95       0.00     -0.94  -0.68   0.07   0.58   1.86  -1.02  -1.99   1.41  -0.40   0.86   1.94  -1.36  -1.80   0.02 
06:05:48    355.475      21.50      28.00      24.30      30.00     784.37     432.06     140.01      55.22      65.63       0.00     -1.03  -1.35   1.75   0.19   1.08  -0.74   1.69   1.48   1.55   0.63   1.34   0.56  -0.69  -0.90 
06:05:53    355.406      21.50      28.00      24.30      30.00     741.66     440.48     134.28      65.90      61.53       0.00     -1.14  -0.88  -0.99   0.85  -1.68  -0.80  -1.56  -1.07   1.86   0.99   0.49   0.07   1.25  -0.90 
06:05:59    355.329      21.50      28.00      24.30      30.00     750.25     440.73     135.82      60.61      63.93       0.00      1.87   1.38  -0.86   1.56  -1.05   0.00  -1.87   0.63   0.54   0.95  -0.69   0.09  -1.69  -0.85 
06:06:04    355.259      21.50      28.00      24.30      30.00     764.19     437.89     135.82      60.61      65.01       0.00     -1.80  -0.23   0.47  -0.11  -1.96  -0.78   0.58   0.12  -0.98  -0.73  -1.55  -1.71   0.36   1.87 
06:06:10    355.186      21.50      28.00      24.30      30.00     762.35     436.30     136.95      58.31      64.11       0.00      0.86  -1.03   1.08   0.81  -0.64  -1.74   0.46  -0.22   1.91   1.16  -1.69  -1.00   1.67  -1.09 
06:06:15    355.105      21.50      28.00      24.30      30.00     762.52     430.88     140.43      54.26      65.63       0.00      0.45  -0.55  -0.07  -1.19  -1.03   2.00   0.52   1.79   1.74   1.74  -1.18   1.39  -1.99   0.39 
06:06:20    355.035      21.50      28.00      24.30      30.00     767.27     436.06     137.20      58.90      65.13       0.00     -1.68   1.83  -1.63  -0.29   1.35  -0.64   1.16  -0.55   1.19   0.77  -0.37  -0.57   0.56   0.20 
06:06:26    354.965      21.50      28.00      24.30      30.00     762.10     436.64     135.67      66.18      64.70       0.00     -1.87   0.62   0.26  -1.43   1.77  -0.90   1.77  -1.60  -0.20   1.54  -1.48  -1.88  -0.76   1.09 
06:06:31    354.893      21.50      28.00      24.30      30.00     763.68     436.64     137.04      59.78      64.81       0.00      1.96  -1.71   1.37   1.84   0.21  -0.81  -0.10   1.37  -0.09   0.79  -1.29   1.48   0.86  -1.80 
06:06:36    354.824      21.50      28.00      24.30      30.00     745.17     440.05     134.98      63.36      62.25       0.00      1.25   0.13   1.28  -0.23  -1.67  -1.18  -1.60   0.84   0.65  -0.87   0.57   1.84   1.12   1.25 
06:06:42    354.752      21.50      28.00      24.30      30.00     770.20     435.80     137.30      66.09      64.94       0.00     -1.43  -0.32  -0.66   1.39  -1.52   1.16   0.84   0.55  -1.81   0.69  -0.80   0.03   0.98  -1.04 
06:06:47    354.679      21.50      28.00      24.30      30.00     778.45     434.55     138.77      56.16      64.99       0.00      0.07   1.00  -1.45   0.69  -1.83  -0.68   0.43   1.41   1.39  -1.91  -0.02  -0.19   0.32  -0.01 
06:06:52    354.608      21.50      28.00      24.30      30.00     778.53     432.13     138.85      64.65      65.49       0.00     -0.94   0.13   0.12   1.62  -0.41   1.34   1.88   1.08   0.00   0.01  -0.30  -0.32   1.54  -0.93 
06:06:57    354.533      21.50      28.00      24.30      30.00     769.53     435.05     137.65      59.05      65.05       0.00      0.78   0.22  -1.21  -1.45   1.14   1.15  -0.97   0.66   1.99  -1.45  -0.44   0.53  -0.83  -0.62 
06:07:03    354.465      21.50      28.00      24.30      30.00     758.51     437.64     137.65      59.05      64.50       0.00      0.87   1.84  -1.60   0.13   0.56   1.35  -1.98   1.84  -1.02   1.79   0.43  -0.84  -0.17  -0.33 
06:07:08    354.398      21.50      28.00      24.30      30.00     739.33     441.81     134.54      61.80      63.36       0.00      1.31  -1.90   0.71  -1.37  -0.74   0.05  -1.16  -1.49   0.34   1.34  -0.45  -0.13  -0.34   0.58 
06:07:13    354.330      21.50      28.00      24.30      30.00     768.52     435.48     136.30      80.54      63.08       0.00     -1.34   0.32   1.22  -0.94  -1.13   1.41   1.63  -0.86  -1.76  -1.73   0.15  -1.68  -0.56  -0.55 
06:07:19    354.261      21.50      28.00      24.30      30.00     763.01     436.13     137.15      60.48      63.09       0.00     -1.13  -1.83  -1.80  -0.56  -0.59  -1.15   0.90  -1.00   1.61   1.74   1.62  -1.13   0.19   1.19 
06:07:24    354.197      21.50      28.00      24.30      30.00     751.92     438.97     134.61      72.35      63.38       0.00     -1.33   1.47   0.68   1.60  -0.12  -1.57   0.80  -0.90  -1.62  -0.33  -1.89  -0.44  -1.23  -1.70 
06:07:29    354.123      21.50      28.00      24.30      30.00     777.86     433.39     138.03      62.64      65.25       0.00      0.85  -0.25   0.37   0.14  -1.38  -0.87   1.90   0.51  -0.67  -0.90  -1.43  -0.70   0.44  -1.09 
06:07:35    354.057      21.50      28.00      24.30      30.00     742.00     441.47     134.43      68.09      63.64       0.00      1.35   0.88   0.66   1.37  -1.00  -1.66   1.58  -1.90  -1.67   1.92  -1.42  -0.71   0.63   1.88 
06:07:40    353.992      21.50      28.00      24.30      30.00     732.74     443.15     133.90      63.49      62.93       0.00      1.29   0.80   1.53   0.67   0.68   0.47  -1.80  -0.96   0.89   1.72   0.84   0.59   1.63  -1.34 
06:07:45    353.922      21.50      28.00      24.30      30.00     767.44     436.47     136.88      60.57      64.88       0.00      1.81  -0.06   0.33   0.91  -1.30   1.93  -0.90   1.93  -0.54  -0.18   1.28  -0.18  -0.21   1.06 
06:07:51    353.855      21.50      28.00      24.30      30.00     766.69     436.22     135.96      79.48      63.09       0.00     -1.16   1.29  -1.16   0.53   1.97   1.95   0.54  -1.00   0.95  -2.00  -0.02  -1.02  -1.82   0.61 
06:07:56    353.793      21.50      28.00      24.30      30.00     742.00     440.97     134.59      64.71      63.69       0.00     -1.53   1.69  -1.12  -0.98  -0.58  -1.27  -0.17  -0.85  -1.80  -1.28   0.42   0.38   1.39  -0.31 
06:08:01    353.714      21.50      28.00      24.30      30.00     741.66     430.14     134.59      64.71      65.60       0.00      1.62  -0.14  -1.72  -0.92  -1.94  -0.19   1.57   1.56   1.36  -0.90  -1.30  -0.50  -1.36   0.64 
06:08:07    353.646      21.50      28.00      24.30      30.00     784.54     430.96     139.70      58.91      65.64       0.00     -1.67   0.19  -1.30   1.84   1.08   0.11   1.76   1.63   1.01  -1.66   1.95   0.89   0.49  -0.37 
06:08:12    353.560      21.50      28.00      24.30      30.00     760.19     436.56     136.91      59.88      63.10       0.00     -0.92  -1.22  -0.29  -1.10   0.52  -1.52  -0.58  -0.29   1.98   1.55  -1.56  -0.37  -1.46   0.39 
06:08:18    353.490      21.50      28.00      24.30      30.00     755.43     438.06     135.86      60.68      62.95       0.00     -1.42   0.13   0.87  -1.90  -0.78  -0.67  -0.29  -0.69   1.56   1.32  -0.11   0.57  -0.07  -0.43 
06:08:23    353.421      21.50      28.00      24.30      30.00     755.43     437.72     136.13      60.23      63.05       0.00     -1.46  -1.00  -0.49  -0.99   1.71  -1.46  -1.38   1.21   0.05   0.81   1.17   0.67  -1.37   1.02 
06:08:28    353.350      21.50      28.00      24.30      30.00     755.35     438.06     135.87      61.83      64.35       0.00      1.62   0.01  -1.45  -0.80   0.22  -0.69   0.52  -1.45   1.18  -0.88  -0.94  -0.45   0.91  -0.65 
06:08:34    353.282      21.50      28.00      24.30      30.00     776.61     434.30     137.37      64.61      64.88       0.00      1.59  -0.89   0.01   1.78  -0.12   1.82  -0.30   1.33   1.00  -1.48  -0.79   1.21  -1.29  -1.83 
06:08:39    353.212      21.50      28.00      24.30      30.00     749.42     439.40     135.52      60.37      63.19       0.00     -1.73  -0.86   1.92  -0.15   1.57  -0.66  -1.16  -0.19   1.79   1.41  -0.40  -0.17   0.38   1.98 
06:08:44    353.141      21.50      28.00      24.30      30.00     753.50     439.06     135.93      60.65      64.20       0.00      1.35  -0.34   0.78  -1.09  -1.52   1.90  -0.58  -0.55   0.03   1.34   0.29   0.07   1.25  -1.13 
06:08:50    353.072      21.50      28.00      24.30      30.00     769.19     435.31     137.02      61.85      64.86       0.00     -1.79   1.06  -0.37   0.31  -1.53   0.97   0.78   0.28  -1.02   1.54  -1.77  -0.73   1.95  -0.16 
06:08:55    353.007      21.50      28.00      24.30      30.00     752.42     438.80     135.71      67.26      63.92       0.00     -0.78  -0.02  -0.22   0.48   1.30  -0.98   0.93  -1.68   0.45  -0.74  -0.09  -0.23   0.25  -1.33 
06:09:00    352.941      21.50      28.00      24.30      30.00     763.01     437.48     135.48      67.09      64.51       0.00      0.47   1.85  -1.11  -0.34   0.85   1.77  -0.82   0.45   0.76   0.24  -0.83   0.21  -0.87   1.27 
06:09:06    352.875      21.50      28.00      24.30      30.00     766.86     436.56     135.48      67.09      63.17       0.00      1.67  -1.80   1.41  -1.70   0.89   1.33   0.77  -0.36  -1.89   0.95  -1.66  -1.94  -0.80  -1.39 
06:09:11    352.810      21.50      28.00      24.30      30.00     739.16     441.98     133.93      76.49      62.26       0.00     -0.63   1.26   1.51   1.18  -0.98   1.98  -1.49  -0.54  -1.41  -0.87  -0.62  -0.30   1.41   0.95 
06:09:16    352.743      21.50      28.00      24.30      30.00     769.44     435.22     137.30      61.27      64.80       0.00     -1.70  -0.87   0.84  -0.95   1.29   0.57  -0.07  -0.11   1.48   0.06  -1.45  -1.75  -0.79   0.43 
06:09:22    352.671      21.50      28.00      24.30      30.00     757.26     436.97     136.62      60.70      64.31       0.00     -1.02   1.28  -1.64  -1.60  -1.13   2.00  -0.55  -0.65   0.82  -1.92   1.97   0.84   0.90  -0.55 
06:09:27    352.605      21.50      28.00      24.30      30.00     750.42     439.23     135.49      68.94      63.61       0.00      1.84   0.12   0.42   0.54   1.02   1.67  -0.59  -1.10   1.32  -0.28  -0.56   0.26  -0.89   1.62 
06:09:32    352.537      21.50      28.00      24.30      30.00     771.77     436.13     137.66      59.85      64.80       0.00     -1.74  -0.19  -0.68   0.91   1.82   0.00  -0.15   1.81  -0.04  -0.25  -0.08   1.01   0.19   1.21 
06:09:38    352.470      21.50      28.00      24.30      30.00     757.35     438.39     136.20      60.64      64.14       0.00     -1.85   1.43   0.16  -0.74  -0.71  -1.60  -0.06   0.81  -1.59  -1.43   1.89  -1.71  -0.84   1.60 
06:09:43    352.406      21.50      28.00      24.30      30.00     745.01     440.31     135.30      63.70      63.56       0.00     -0.42   1.86  -0.91   1.67   1.00  -0.72  -1.01   0.29  -1.10   1.10   1.18  -1.89   1.35  -0.88 
06:09:48    352.331      21.50      28.00      24.30      30.00     762.77     437.55     136.84      58.19      63.84       0.00      0.78  -0.22   1.56  -0.32   0.99  -1.49   0.13   0.91   1.32   0.05  -0.87   1.54   1.41   0.88 
06:09:54    352.260      21.50      28.00      24.30      30.00     780.28     433.29     138.48      62.22      65.01       0.00      0.46  -0.44   1.57   0.26   0.95  -0.02   1.30   0.88   1.32  -1.27  -1.02   0.95  -0.36  -0.26 
06:09:59    352.192      21.50      28.00      24.30      30.00     751.67     439.40     135.46      60.65      63.81       0.00     -1.29  -0.13   0.93  -1.42  -1.37   1.15  -1.24  -0.43  -0.02   0.56   0.73  -0.94  -0.98  -0.14 
06:10:04    352.125      21.50      28.00      24.30      30.00     732.33     442.31     135.46      60.65      62.87       0.00     -0.28   0.62  -1.96   0.63  -1.13   1.04  -1.71  -1.50   0.05  -0.84   0.37   1.01   1.55   1.08 
06:10:10    352.057      21.50      28.00      24.30      30.00     775.04     434.64     137.38      63.61      64.76       0.00      1.77  -1.44   0.03  -1.48   0.93   1.76   0.20   1.78  -0.83  -1.64   1.73   1.33   1.10   0.46 
06:10:15    351.987      21.50      28.00      24.30      30.00     784.95     433.39     138.98      59.64      65.33       0.00      1.83  -1.47  -1.88   0.42  -0.38   1.87   1.91   0.37   0.94   0.46  -0.65   1.87   0.21   1.55 
06:10:20    351.922      21.50      28.00      24.30      30.00     753.34     438.22     135.07      70.52      63.39       0.00     -0.64   1.52   1.41   1.19   1.52  -1.51   0.17   0.36  -1.89   0.51   0.37  -1.76  -1.31  -1.61 
06:10:26    351.854      21.50      28.00      24.30      30.00     762.52     436.97     136.64      61.89      64.39       0.00      1.13   0.07  -1.45  -1.34   1.25   1.47  -0.86   0.34  -0.07   1.48  -0.74  -1.14  -0.44   0.05 
06:10:31    351.785      21.50      28.00      24.30      30.00     771.19     435.14     137.21      63.29      64.69       0.00     -0.88  -0.09  -0.37   0.33   0.85   1.19   1.44  -1.14   1.59   0.19   1.77  -1.63  -1.54  -0.40 
06:10:36    351.719      21.50      28.00      24.30      30.00     759.68     436.64     136.86      60.93      64.40       0.00      1.74   1.29  -1.46  -0.31   1.42   0.86   1.87  -1.51   1.30   1.23   1.96   1.28   1.71   0.46 
06:10:42    351.653      21.50      28.00      24.30      30.00     740.92     440.97     134.65      61.61      62.83       0.00      0.45  -1.32  -1.68   0.35  -1.20   0.63  -1.82  -0.12  -1.02   1.16   0.97   1.77   0.37  -1.22 
06:10:47    351.587      21.50      28.00      24.30      30.00     760.60     438.30     136.25      59.43      64.17       0.00     -1.46  -0.05  -1.21   0.14   0.08  -1.84   0.86   0.04  -1.11   0.51  -0.15   0.03  -0.54   0.69 
06:10:52    351.517      21.50      28.00      24.30      30.00     766.02     436.22     137.09      57.41      64.07       0.00     -0.32  -1.48   0.80  -1.32  -1.97  -0.31   1.63  -1.22   0.95   1.29  -0.08   1.00   0.60  -1.52 
06:10:58    351.446      21.50      28.00      24.30      30.00     771.69     435.05     137.49      64.41      64.55       0.00     -1.67   0.54   1.84   0.73   0.44  -0.07   1.93  -0.09   0.08   0.26   0.73  -0.80   0.59  -0.76 
06:11:03    351.377      21.50      28.00      24.30      30.00     768.44     435.31     137.49      64.41      64.22       0.00      1.10  -0.52   0.06   0.14  -1.02  -1.55   0.51   1.72  -1.27   0.50  -1.36   0.88   1.58   0.15 
06:11:08    351.310      21.50      28.00      24.30      30.00     754.01     437.89     135.89      59.45      63.38       0.00     -1.08   1.85   0.31  -0.95  -1.50   0.08  -0.71  -0.05   0.61  -0.38   0.86   0.30   1.19  -1.12 
06:11:14    351.242      21.50      28.00      24.30      30.00     766.93     436.30     136.64      67.34      64.09       0.00     -0.94  -0.70   0.51  -1.97   1.33  -0.77   0.72   0.17  -1.76   0.21  -1.20  -0.89  -1.67  -1.28 
06:11:19    351.172      21.50      28.00      24.30      30.00     773.78     435.14     138.53      59.98      64.78       0.00     -1.42  -0.60  -0.55  -1.18   0.32   0.15   1.17  -0.84   1.83  -1.68   1.01  -1.62  -0.63  -0.72 
06:11:24    351.100      21.50      28.00      24.30      30.00     775.04     433.80     138.49      56.88      64.61       0.00     -0.61  -0.03   0.35  -1.19  -0.91  -1.04   1.44   1.00  -0.74   0.04   1.14  -0.51   1.16  -1.17 
06:11:29    351.031      21.50      28.00      24.30      30.00     763.77     436.13     136.55      58.94      64.18       0.00     -1.52  -0.55   0.02   0.05   1.44  -1.82   0.81   1.22  -1.57   1.45  -0.36   0.27   1.53   1.67 
06:11:35    350.965      21.50      28.00      24.30      30.00     724.07     445.81     133.26      67.87      62.09       0.00      0.93   1.44   1.22  -0.91   0.53  -1.87  -1.44  -1.87  -0.50  -0.38  -0.18  -1.66   0.08  -0.06 
06:11:40    350.898      21.50      28.00      24.30      30.00     764.52     436.30     137.16      61.75      64.26       0.00     -0.57   1.73  -0.20  -1.71  -1.56   1.33  -0.67   1.33  -1.66  -0.99   1.75  -1.03  -0.79   0.43 
06:11:46    350.822      21.50      28.00      24.30      30.00     767.94     436.39     137.63      61.95      64.22       0.00      0.84   1.39  -0.72   1.50   1.75  -1.52  -0.69   1.71   0.34  -0.71  -1.68  -1.95  -1.69  -0.07 
06:11:51    350.755      21.50      28.00      24.30      30.00     734.74     442.65     134.25      62.69      62.37       0.00     -0.66   0.26  -1.70   0.38   1.13  -1.56  -1.16  -1.54   0.71   0.41   0.24  -1.06   0.71   1.06 
06:11:56    350.690      21.50      28.00      24.30      30.00     775.11     433.97     136.87      75.43      62.94       0.00     -1.63  -0.32   0.50   1.99   1.21   0.64  -0.17   1.85  -1.94  -1.11  -0.64  -1.83  -1.56  -1.98 
06:12:02    350.621      21.50      28.00      24.30      30.00     748.42     440.15     136.87      75.43      62.43       0.00     -0.85   1.09   0.83   1.79   0.76  -1.46  -1.75   0.95   1.49   0.37  -0.84   1.44   0.41  -0.43 
06:12:07    350.552      21.50      28.00      24.30      30.00     762.60     436.06     136.61      59.73      62.59       0.00      1.11   0.16  -0.90  -1.18   0.69  -1.29  -0.26   0.60   1.64   1.10  -0.13   0.48   1.24  -0.32 
06:12:12    350.479      21.50      28.00      24.30      30.00     771.94     435.48     138.11      60.65      64.44       0.00      1.94   0.56  -1.05   0.95   1.96  -1.04   0.41   1.37   0.04   1.07  -1.65  -1.50   1.01  -0.86 
06:12:18    350.416      21.50      28.00      24.30      30.00     745.01     440.56     135.02      60.75      62.97       0.00      1.22  -0.26  -1.23  -1.25  -1.23   1.65  -1.29  -1.54   1.28   0.51   1.06   0.39  -0.95   0.43 
06:12:23    350.349      21.50      28.00      24.30      30.00     749.26     439.98     135.30      65.65      63.24       0.00      1.32   1.65   1.09   1.98   1.52  -1.53  -0.56   0.98  -0.32  -1.54   0.73  -0.35   0.49   1.76 
06:12:28    350.281      21.50      28.00      24.30      30.00     743.49     440.80     135.46      61.16      62.64       0.00      0.29  -0.38  -1.91  -0.39   0.74   0.43  -1.97  -0.73   1.45   0.95  -1.06  -0.67   1.53   1.16 
06:12:34    350.206      21.50      28.00      24.30      30.00     772.53     435.39     137.72      57.03      64.27       0.00      0.48  -1.98   0.30   0.26  -1.15  -1.79   1.75   0.64  -0.62   0.09   1.57  -1.88   0.41   1.56 
06:12:39    350.136      21.50      28.00      24.30      30.00     768.18     435.89     136.89      57.90      64.10       0.00      0.22   1.76  -0.50   0.02  -0.85  -1.23   0.53   1.78  -1.55   0.96  -1.02   1.47   0.37  -0.05 
06:12:44    350.071      21.50      28.00      24.30      30.00     754.92     438.47     135.71      59.22      63.32       0.00      0.10  -1.87  -0.30  -1.34  -0.62   0.47  -1.68   0.50  -0.50   1.56  -1.91   0.29  -1.22   1.16 
06:12:50    350.003      21.50      28.00      24.30      30.00     743.66     440.56     135.41      61.49      62.41       0.00      0.20  -0.07   0.68   1.34   1.18  -1.98  -1.73   0.13   0.89   1.56  -1.44  -0.81  -1.76   0.79 
06:12:55    349.932      21.50      28.00      24.30      30.00     763.10     438.06     136.62      60.23      63.92       0.00     -1.89  -1.23  -1.72  -1.44   1.79   0.13  -1.58   1.81  -1.17  -1.64   1.45   0.51  -0.41   0.04 
06:13:00    349.864      21.50      28.00      24.30      30.00     774.94     435.22     136.81      60.76      64.00       0.00      1.98  -0.42  -0.16  -0.79  -1.37   0.91  -0.08   0.86   1.94  -0.37   0.13   1.53  -1.02  -1.30 
06:13:06    349.796      21.50      28.00      24.30      30.00     753.34     438.73     136.81      60.76      63.34       0.00     -0.51  -1.79   1.19   0.88  -0.59   1.06  -1.13  -0.81   2.00   1.12   0.48  -1.52   0.35  -1.60 
06:13:11    349.733      21.50      28.00      24.30      30.00     735.41     442.39     133.51      78.07      61.55       0.00     -0.01   1.86  -0.64   0.58   1.88   0.43  -1.26  -1.69  -0.13  -0.63  -1.95  -0.49   1.71  -1.52 
06:13:16    349.669      21.50      28.00      24.30      30.00     755.26     438.73     136.16      63.73      63.51       0.00      1.61  -1.68  -1.28   1.79   0.76  -1.60  -0.57   1.21  -1.53  -0.79  -1.66   0.86   0.83   0.27 
06:13:22    349.605      21.50      28.00      24.30      30.00     732.16     442.82     133.93      63.90      61.55       0.00     -0.99  -0.25  -1.80  -1.74  -1.54  -0.26  -1.91  -1.92   0.09   0.23   1.06  -0.67  -1.43   1.19 
06:13:27    349.536      21.50      28.00      24.30      30.00     749.26     440.05     135.56      64.72      63.25       0.00     -1.40   0.69  -0.35   0.15  -0.11   1.16  -1.76  -0.10  -0.15  -0.77   0.85  -1.24  -0.51  -0.97 
06:13:32    349.470      21.50      28.00      24.30      30.00     761.27     437.72     136.70      58.54      63.62       0.00      0.20   1.92  -0.67  -0.94  -0.46  -1.66   0.63   0.67  -1.43   1.61  -0.04  -0.92   1.35  -0.95 
06:13:38    349.401      21.50      28.00      24.30      30.00     778.29     433.46     138.98      60.63      64.50       0.00     -0.49  -1.41  -0.07  -0.89   1.50   0.50   0.05   1.49  -0.54   1.63  -1.96  -1.69  -0.42   0.36 
06:13:43    349.325      21.50      28.00      24.30      30.00     777.95     433.29     138.48      59.11      64.45       0.00      0.32   1.90   0.82   1.59   0.33  -1.55   0.98   1.69   1.13  -1.38  -1.96   1.65  -1.89   0.85 
06:13:48    349.255      21.50      28.00      24.30      30.00     760.94     436.97     136.91      58.45      63.10       0.00      0.64   1.82  -1.18  -1.25  -1.41   0.17  -1.46   1.56  -0.91   1.73  -0.66   0.04  -0.31  -1.51 
06:13:54    349.188      21.50      28.00      24.30      30.00     757.43     437.81     135.55      72.34      62.90       0.00     -1.38   1.76   1.96   0.38  -1.14   0.13   1.83  -1.14  -1.93   1.56  -1.66  -0.29   0.12   0.52 
06:13:59    349.124      21.50      28.00      24.30      30.00     754.92     438.30     135.89      64.12      63.07       0.00     -0.37  -0.79  -0.50  -1.50   1.92  -1.41   0.37  -0.15  -1.14  -0.68  -0.55   0.93  -0.11   1.29 
06:14:04    349.063      21.50      28.00      24.30      30.00     747.00     440.15     135.89      64.12      61.93       0.00     -1.26   1.90   1.34  -1.46   0.94  -0.29   0.51  -1.35  -0.75  -1.85  -0.30   0.92   1.23  -1.22 
06:14:10    348.997      21.50      28.00      24.30      30.00     749.51     439.81     135.17      63.43      62.67       0.00      0.23   1.99   1.01   1.69   0.96  -0.08  -1.61   1.63  -0.86   0.71  -0.62   1.51  -1.53   1.63 
06:14:15    348.932      21.50      28.00      24.30      30.00     759.52     438.15     136.39      60.52      61.64       0.00     -0.38  -1.02   0.66  -1.02   1.36  -0.52  -1.89   1.14   1.65   1.54   1.30  -1.24  -1.27  -1.03 
06:14:20    348.863      21.50      28.00      24.30      30.00     741.42     440.80     134.76      61.67      62.09       0.00     -0.87   1.86   1.48   1.96   0.21  -1.84  -0.02  -1.42   1.11   1.76   0.60  -0.77  -1.57  -0.41 
06:14:26    348.800      21.50      28.00      24.30      30.00     751.26     439.23     135.91      60.28      62.76       0.00     -1.61   1.33  -1.99  -1.61  -1.53  -0.24  -0.58  -1.04  -0.05  -1.06   0.51  -0.91  -0.05  -1.57 
06:14:31    348.730      21.50      28.00      24.30      30.00     776.53     433.80     138.44      61.63      64.04       0.00     -1.99   1.27   1.32   0.55  -0.65   1.88   1.90  -0.34   1.15   0.80   1.36  -1.39   0.25   1.76 
06:14:36    348.666      21.50      28.00      24.30      30.00     763.44     436.56     136.80      61.42      63.48       0.00      0.53  -0.92  -1.29   0.83  -1.81   1.96  -0.82   0.47  -0.59   0.73  -0.33   0.43  -1.14  -1.52 
06:14:42    348.598      21.50      28.00      24.30      30.00     748.26     439.72     135.18      62.10      62.72       0.00      0.38   0.56   1.66  -1.02   1.59  -1.41   0.83  -1.68   1.34   0.63  -1.03   1.11   0.72  -0.30 
06:14:47    348.533      21.50      28.00      24.30      30.00     737.83     442.05     132.94      80.00      60.71       0.00     -1.15   1.40  -0.61   0.00   1.25   1.64  -0.64  -1.21  -1.85  -1.31   1.92   1.98  -0.58   0.90 
06:14:52    348.463      21.50      28.00      24.30      30.00     772.20     435.89     137.72      61.51      63.73       0.00     -1.64   0.57   1.21  -0.55   1.26   1.04  -0.79   1.90   0.03   0.21  -1.64  -0.60   1.75  -0.63 
06:14:58    348.402      21.50      28.00      24.30      30.00     751.92     439.47     134.93      72.27      62.16       0.00      0.10   1.93  -0.56   1.52   0.50   1.78  -1.02   0.21  -0.71  -0.44   0.80  -1.41   1.52  -1.19 
06:15:03    348.334      21.50      28.00      24.30      30.00     754.42     439.06     134.93      72.27      62.85       0.00     -1.51  -1.58   0.16   1.29  -0.13   1.50  -0.01  -0.74   0.19  -0.50   0.29   0.15   2.00   1.20 
06:15:08    348.271      21.50      28.00      24.30      30.00     738.75     442.14     134.13      69.10      61.96       0.00     -1.38  -1.63   0.36   0.22   1.00   0.58  -1.31  -1.81   0.01   0.09  -0.02  -0.85  -1.93   0.38 
06:15:14    348.204      21.50      28.00      24.30      30.00     756.17     438.15     136.18      59.32      62.17       0.00     -1.08  -0.59  -0.56  -1.06  -0.59  -0.15  -1.15   0.32   0.93  -0.03  -0.15  -0.17   1.83   0.18 
06:15:19    348.135      21.50      28.00      24.30      30.00     742.00     441.23     134.60      64.98      62.28       0.00     -0.72  -2.00   0.72   1.52   0.68  -0.88  -1.25  -1.38   1.21  -1.05  -1.45   0.74  -1.27  -1.87 
06:15:25    348.069      21.50      28.00      24.30      30.00     756.01     438.89     136.12      64.15      63.02       0.00     -1.76   1.68  -1.54   0.92  -1.04  -0.08   1.58  -1.91   0.95  -1.18  -1.32   1.62   1.55   1.62 
06:15:30    348.000      21.50      28.00      24.30      30.00     769.36     435.55     137.76      59.25      63.55       0.00      1.36  -0.21   0.47   0.64  -0.80   0.52   0.03   1.46  -0.30   0.09   0.40   1.53  -1.46   0.01 
06:15:35    347.933      21.50      28.00      24.30      30.00     771.36     435.14     137.13      68.17      63.15       0.00     -1.40   1.84  -0.62  -1.30  -0.44   1.28   0.66   0.49  -1.99   1.18  -1.84  -0.75  -0.04  -0.98 
06:15:41    347.857      21.50      28.00      24.30      30.00     770.85     430.47     141.04      55.10      64.50       0.00     -0.74   0.64  -1.19  -0.43   0.55   1.56   1.62   1.56   1.69   1.80  -0.94  -0.17   0.04  -0.38 
06:15:46    347.788      21.50      28.00      24.30      30.00     771.02     435.14     137.18      69.16      62.95       0.00      0.40   0.86   0.22  -0.42   1.38  -0.41   0.96   1.00  -1.34  -1.08  -0.62   1.49  -0.95  -1.51 
06:15:51    347.710      21.50      28.00      24.30      30.00     784.62     433.05     139.08      58.76      64.03       0.00     -1.59   0.92  -0.04   0.84   0.44  -0.79   1.11   1.87   0.76  -1.99   0.19   0.33  -1.28   0.93 
06:15:57    347.642      21.50      28.00      24.30      30.00     774.10     433.80     137.46      62.86      63.66       0.00     -0.10  -0.57  -1.10   1.13  -1.34   1.09   1.95  -0.13  -0.67   0.42   0.75   1.32  -1.51   0.88 
06:16:02    347.569      21.50      28.00      24.30      30.00     774.78     431.13     137.46      62.86      62.12       0.00     -1.36   0.24  -0.05  -0.72  -1.90  -1.37   1.84   0.91   1.75   1.56   1.24  -1.06   0.79  -1.71 
06:16:07    347.499      21.50      28.00      24.30      30.00     750.59     439.89     135.72      64.41      62.66       0.00      1.13  -1.09   1.49  -1.81  -0.92   1.42  -0.05  -1.41   0.47  -1.60   1.71   1.63  -0.46  -1.67 
06:16:13    347.435      21.50      28.00      24.30      30.00     733.99     443.30     134.18      63.33      61.09       0.00     -1.82   1.75  -0.10   1.60   0.40  -1.96  -1.92   0.17  -0.59   1.02  -0.79   1.12   0.87  -0.69 
06:16:18    347.370      21.50      28.00      24.30      30.00     757.76     438.97     135.90      66.37      62.68       0.00      1.09  -1.49   0.30  -0.58   0.87   0.67  -1.51   0.58   0.18  -1.88  -1.87  -0.19   0.46  -0.82 
06:16:23    347.301      21.50      28.00      24.30      30.00     784.54     432.55     138.81      62.73      63.84       0.00     -0.46  -1.53   0.50  -0.11   1.73   1.95  -0.03   1.74   1.13  -1.02   0.50  -1.61  -0.90   1.88 
06:16:29    347.237      21.50      28.00      24.30      30.00     753.50     439.06     136.00      60.17      62.56       0.00     -0.36   1.00   0.97  -1.91  -0.94  -1.09  -0.71   0.23  -0.17  -1.91   0.46  -0.15   0.27  -1.53 
06:16:34    347.163      21.50      28.00      24.30      30.00     762.43     437.72     136.81      58.56      61.97       0.00     -0.81   0.05  -0.57  -1.23   0.76  -1.14  -1.03   0.91   1.89  -1.72   1.46  -0.83  -0.37   1.21 
06:16:40    347.097      21.50      28.00      24.30      30.00     769.02     436.64     137.49      58.48      63.41       0.00      0.80  -0.37  -0.53   1.20   1.60  -0.02   1.62  -0.69   1.95   1.70   1.76  -1.51  -0.11   0.69 
06:16:45    347.033      21.50      28.00      24.30      30.00     746.76     439.81     135.24      65.43      62.23       0.00      0.53  -0.29   0.20   1.85  -1.24  -0.17  -0.02  -1.18   0.43  -1.79   0.86   0.05  -1.18   1.78 
06:16:50    346.967      21.50      28.00      24.30      30.00     756.68     438.47     135.89      59.31      62.77       0.00     -0.71  -0.93  -1.70  -0.90  -1.11   0.88   0.85  -1.94   1.18   0.20   0.60   0.90   0.07   1.86 
06:16:55    346.904      21.50      28.00      24.30      30.00     735.00     442.65     133.34      75.42      60.61       0.00      1.27   1.66   0.67   1.16  -0.57   0.45  -1.49  -1.39  -0.40  -1.53  -1.77  -1.34   1.24  -1.40 
06:17:01    346.837      21.50      28.00      24.30      30.00     756.34     438.89     133.34      75.42      62.64       0.00      0.13  -0.90  -0.21   0.43   1.90   0.04  -1.57   1.29  -0.12   0.80   0.51   0.21  -0.14  -1.17 
06:17:06    346.771      21.50      28.00      24.30      30.00     772.44     435.48     133.34      75.42      63.24       0.00     -0.96   0.96  -1.08  -0.85  -1.32   0.66   1.39  -0.52   1.19   1.69  -0.32   1.19   1.06  -1.40 
06:17:12    346.706      21.50      28.00      24.30      30.00     751.00     439.31     134.35      78.23      61.07       0.00     -1.50   1.13   0.33   1.36  -1.43   1.78  -0.50  -0.42  -1.86  -1.14  -0.88   0.40   0.15  -0.61 
06:17:17    346.637      21.50      28.00      24.30      30.00     762.52     437.72     136.44      58.57      62.79       0.00     -0.02   1.48   1.94  -0.22  -1.20  -1.14   0.76   0.35   0.31   0.14  -0.04   0.16  -1.30   1.70 
06:17:22    346.565      21.50      28.00      24.30      30.00     752.59     439.14     136.25      61.43      62.31       0.00      1.02   1.19   1.86   1.28  -0.65  -1.11  -1.13   1.52  -1.10   0.94  -2.00  -0.08  -0.45   1.06 
06:17:28    346.500      21.50      28.00      24.30      30.00     766.44     436.22     136.88      64.37      62.98       0.00      0.49   0.43   1.98   1.57   1.93  -0.92   1.93  -0.76   1.77   0.65  -1.24  -0.35   1.80  -1.56 
06:17:33    346.429      21.50      28.00      24.30      30.00     759.35     437.55     136.44      59.10      62.74       0.00      1.53  -0.92  -0.84   0.58  -1.89  -1.25   1.90  -1.88   1.17  -0.26   0.90  -0.40  -0.72   0.43 
06:17:38    346.362      21.50      28.00      24.30      30.00     767.85     436.30     137.31      57.69      62.47       0.00     -1.79   1.41   1.59   0.08  -1.28  -0.35   0.35   1.47   0.68  -0.74   1.83   1.68   1.69   0.35 
06:17:43    346.298      21.50      28.00      24.30      30.00     735.99     442.48     133.48      75.49      60.56       0.00     -1.29  -0.66   0.50  -0.08   1.31   0.93  -1.10  -1.18  -2.00   0.13  -0.73   1.02   0.33   0.40 
06:17:49    346.230      21.50      28.00      24.30      30.00     736.32     431.05     139.14      54.86      63.57       0.00     -0.15   1.70  -1.99  -1.98  -0.35   0.91   1.48   0.87   1.58   0.93  -1.00   1.42   1.23  -0.82 
06:17:54    346.161      21.50      28.00      24.30      30.00     766.86     435.96     137.51      59.00      61.52       0.00      0.28  -0.83  -0.52  -1.15  -0.45   0.67  -1.35   1.37   1.91   0.56  -0.13  -0.08   1.31   1.52 
06:18:00    346.099      21.50      28.00      24.30      30.00     736.16     442.48     134.47      69.66      60.71       0.00     -1.71  -0.75   0.35   1.78   0.00   0.56  -1.06  -1.36  -1.51  -0.96   1.70  -1.75  -1.21   1.80 
06:18:05    346.033      21.50      28.00      24.30      30.00     767.85     435.96     134.47      69.66      62.09       0.00     -0.50  -1.93  -1.01  -1.83  -1.46   0.07  -1.20   1.45   0.03  -0.80   0.50   1.02  -1.47  -0.02 
06:18:10    345.970      21.50      28.00      24.30      30.00     742.00     441.64     134.59      72.35      61.14       0.00     -1.00   1.67  -1.24   0.31   1.99   0.48  -1.60   0.27  -1.79  -0.63  -1.28   1.67   0.77   0.71 
06:18:15    345.906      21.50      28.00      24.30      30.00     764.35     437.72     136.69      61.78      62.96       0.00     -0.05   1.27  -0.41   1.11   1.17   0.89   0.09   1.07  -0.20   0.58   1.59   1.26  -1.10   1.28 
06:18:21    345.837      21.50      28.00      24.30      30.00     783.63     432.55     139.07      62.53      63.50       0.00      1.47   0.83  -1.14   0.16   1.57   1.92  -0.66   1.83   1.99  -1.43  -0.97  -1.60  -0.03  -1.34 
06:18:26    345.768      21.50      28.00      24.30      30.00     778.79     432.71     137.00      81.81      61.15       0.00     -0.47   0.37  -1.59  -0.60   1.81   1.88   1.69  -0.08  -0.79  -1.62  -1.98   1.70  -1.68   1.91 
06:18:32    345.706      21.50      28.00      24.30      30.00     739.25     442.22     134.55      69.87      61.39       0.00      1.00   0.71  -0.16   1.09   1.98   0.58  -0.62  -1.85   1.04   0.06   0.78   0.35  -1.02  -0.60 
06:18:37    345.636      21.50      28.00      24.30      30.00     772.27     435.22     137.73      58.04      63.14       0.00     -1.24   0.95   1.26  -0.31  -1.16  -1.11   1.91   0.53  -0.26  -0.70   1.55   1.83  -1.39   0.04 
06:18:43    345.569      21.50      28.00      24.30      30.00     755.09     438.47     136.24      59.12      62.19       0.00     -0.84   1.04  -1.40  -1.96  -1.86  -0.52   1.31  -1.08  -1.33   1.60   1.72  -1.33   1.43   1.48 
06:18:48    345.502      21.50      28.00      24.30      30.00     752.51     438.73     134.16      81.61      60.37       0.00     -1.97   0.34   0.04   0.30   1.29   1.41   0.57  -1.32  -1.54   0.45  -1.36  -1.50   2.00   1.40 
06:18:53    345.436      21.50      28.00      24.30      30.00     761.35     437.64     136.39      60.29      62.59       0.00      1.09   0.84  -0.85  -0.91  -0.75   1.47  -1.17   0.41   0.95  -0.72  -0.24  -1.27  -0.93   1.81 
06:18:59    345.365      21.50      28.00      24.30      30.00     779.70     433.39     138.55      56.87      63.32       0.00      1.27  -0.02  -1.25   0.54   1.60  -1.18   2.00   0.44   1.58   0.32   1.34  -1.10  -1.31   1.38 
06:19:04    345.304      21.50      28.00      24.30      30.00     746.26     439.06     138.55      56.87      58.94       0.00     -0.60  -0.44   0.20  -1.11  -1.47  -1.74  -1.74   0.66   0.15   1.19   0.83  -0.44   0.49   0.97 
06:19:09    345.239      21.50      28.00      24.30      30.00     746.76     439.89     135.30      60.95      61.86       0.00     -0.31  -1.59   1.67  -0.03   1.25  -1.96   1.16  -1.49  -0.07   1.91   0.63   1.08   0.76  -1.26 
06:19:14    345.168      21.50      28.00      24.30      30.00     781.61     433.22     139.17      56.15      63.29       0.00     -0.94  -1.88   1.43   0.93  -1.20  -0.55   1.21   1.80  -0.72   1.46   0.88  -0.73  -1.21   0.16 
06:19:20    345.102      21.50      28.00      24.30      30.00     758.17     437.72     136.47      64.34      62.50       0.00     -0.94   0.97   1.17   0.78   1.94  -0.76   1.43  -0.87   0.99   0.75  -1.38   0.60   1.55   1.65 
06:19:25    345.039      21.50      28.00      24.30      30.00     736.92     442.14     134.44      67.79      61.28       0.00     -0.48  -0.57  -0.24   0.68   0.20   1.83  -1.62  -1.07  -1.07   1.52   0.90   0.66  -0.64  -0.20 
06:19:30    344.976      21.50      28.00      24.30      30.00     759.59     437.72     136.28      61.26      62.46       0.00     -0.97   1.75   1.53  -0.93  -0.52  -1.46   1.21  -0.20  -0.27  -1.64   0.82   1.79   0.55  -1.97 
06:19:36    344.910      21.50      28.00      24.30      30.00     751.92     439.40     135.72      60.35      61.87       0.00      0.37  -1.52  -0.53  -0.70  -1.92   0.05  -1.43  -0.95   1.53  -1.85  -1.74  -0.67  -1.88   0.59 
06:19:41    344.843      21.50      28.00      24.30      30.00     756.43     438.39     136.22      61.36      62.31       0.00     -0.01   0.75  -0.65   1.21  -0.40   0.13   0.23  -0.02   0.15  -0.41   0.73   0.46   0.76   1.36 
06:19:46    344.777      21.50      28.00      24.30      30.00     771.77     435.14     137.02      69.40      62.30       0.00     -0.22   2.00  -1.62  -0.24   1.51  -0.48   1.61   0.78  -1.72  -1.14   0.64   1.54  -1.17  -0.92 
06:19:52    344.714      21.50      28.00      24.30      30.00     756.27     437.81     136.00      69.87      61.82       0.00      1.45  -1.09   1.26   1.45   0.34   0.65   1.36  -1.39   0.15   0.89  -0.94   0.85   0.15   0.42 
06:19:57    344.649      21.50      28.00      24.30      30.00     764.02     436.64     135.85      72.35      61.27       0.00      1.45   2.00  -1.80   1.02   0.24   2.00  -0.34   0.67  -1.01  -1.22  -1.12   1.58  -1.92  -0.43 
06:20:02    344.581      21.50      28.00      24.30      30.00     779.03     433.39     135.85      72.35      62.17       0.00      1.36   0.23   1.73   0.10  -0.47   1.47   1.96   0.92  -1.67   0.57  -0.20  -1.86   1.21   1.07 
06:20:08    344.516      21.50      28.00      24.30      30.00     746.17     440.56     134.36      72.35      60.82       0.00     -1.76   0.47   0.41   0.98   0.95   1.50  -0.25  -1.16  -0.70  -0.42   0.96   1.39  -1.51   0.80 
06:20:13    344.451      21.50      28.00      24.30      30.00     754.01     439.64     135.69      61.03      61.93       0.00      0.45   1.00  -0.73   0.46   0.26   0.91  -1.44   0.58   1.21  -1.93   0.59   1.65   1.87  -1.42 
06:20:19    344.385      21.50      28.00      24.30      30.00     767.77     436.47     136.71      72.32      61.77       0.00      0.67  -1.56  -0.64  -1.83   1.68   0.19   0.90  -0.30  -0.96  -1.74  -1.26   1.33  -1.00  -1.62 
06:20:24    344.318      21.50      28.00      24.30      30.00     772.70     435.22     137.33      63.78      62.77       0.00      0.78  -0.20   0.32  -0.47   0.96  -0.21   1.00   0.82  -0.93   0.22   1.08  -1.51  -1.93  -0.06 
06:20:29    344.253      21.50      28.00      24.30      30.00     767.77     435.48     137.88      57.40      62.41       0.00     -1.99  -0.06  -0.55   0.39  -0.18   1.31  -0.45   0.23   1.63   1.64   0.19  -1.04  -0.54   1.02 
06:20:35    344.187      21.50      28.00      24.30      30.00     753.43     438.06     135.79      59.79      61.62       0.00      1.92  -0.14   1.37  -0.24  -1.63  -1.05  -0.50   1.10  -1.67   1.46  -0.50   1.14  -1.14   0.60 
06:20:40    344.118      21.50      28.00      24.30      30.00     762.77     438.30     136.80      62.30      62.35       0.00      0.93  -0.29  -1.02   1.72  -0.58  -1.56   0.41   0.23  -0.13  -1.72   0.06  -1.50  -1.53   0.08 
06:20:45    344.054      21.50      28.00      24.30      30.00     765.61     436.13     137.36      59.03      62.37       0.00      1.48  -0.77  -0.80  -0.96  -1.63  -0.37   0.35   0.17   0.21  -1.65  -1.48   1.98   0.26  -0.95 
06:20:51    343.990      21.50      28.00      24.30      30.00     744.26     440.65     134.32      62.46      60.16       0.00     -1.33   0.31  -0.67   0.17  -0.74  -0.54  -0.61  -1.40   1.65   1.26   1.85  -0.26  -0.53   0.82 
06:20:56    343.919      21.50      28.00      24.30      30.00     765.51     436.56     137.03      61.00      62.42       0.00      0.99   0.92  -0.98  -0.07   0.36  -1.70   0.36   0.43  -0.30   0.15  -1.61  -1.95  -1.69  -0.31 
06:21:01    343.847      21.50      28.00      24.30      30.00     777.86     434.97     137.03      61.00      62.46       0.00      0.51  -1.53  -1.45  -0.09  -1.59  -1.42   1.00   1.48  -1.38   1.44  -0.22  -0.71  -1.09  -0.63 
06:21:07    343.782      21.50      28.00      24.30      30.00     774.10     434.64     137.81      61.84      62.66       0.00      1.25  -0.53   0.13  -0.26   1.32  -0.41  -0.37   1.27   0.94  -1.50  -1.13  -1.70  -1.20  -0.97 
06:21:12    343.715      21.50      28.00      24.30      30.00     749.75     439.47     135.66      60.00      61.35       0.00     -0.20   0.88  -1.50  -1.51  -1.93   0.46  -1.08  -1.12   0.62   0.47  -0.72  -1.83  -0.34   0.87 
06:21:17    343.645      21.50      28.00      24.30      30.00     775.52     434.97     137.96      56.84      62.67       0.00     -0.73   0.73   0.82  -1.56  -1.71   0.62   0.78   0.82   0.53   0.16  -1.10   0.96   0.85   1.25 
06:21:23    343.583      21.50      28.00      24.30      30.00     762.69     435.55     136.10      59.05      61.20       0.00     -1.77   1.69  -1.75  -2.00   1.01   0.24  -1.24   1.98  -0.81   1.95   1.85   0.51   0.83   0.11 
06:21:28    343.514      21.50      28.00      24.30      30.00     782.54     433.39     138.70      57.91      63.13       0.00     -1.63  -1.34  -0.95  -1.08  -0.82   1.92   1.23   0.78  -0.13  -0.11   1.33   1.90  -0.61   0.09 
06:21:33    343.446      21.50      28.00      24.30      30.00     765.77     436.13     136.98      57.44      61.97       0.00      0.96  -1.82  -0.29  -0.73  -0.02  -0.59   1.06  -0.54   1.32   1.60  -0.27  -0.07   0.45   1.18 
06:21:39    343.378      21.50      28.00      24.30      30.00     759.59     437.64     136.58      59.23      61.13       0.00      1.35   1.70   1.82  -0.62   0.17  -1.60  -0.25   1.61  -0.10   1.37   1.74   0.31  -1.56   1.03 
06:21:44    343.312      21.50      28.00      24.30      30.00     774.53     435.22     138.08      59.72      62.77       0.00      1.20  -0.01  -0.97  -0.80  -1.01  -0.28   1.11   0.40   0.05  -0.66  -0.98  -1.41   1.82  -1.28 
06:21:49    343.245      21.50      28.00      24.30      30.00     765.68     436.06     136.86      64.11      62.33       0.00     -1.15   0.67   1.08  -0.98   1.36   1.99  -0.38   1.71  -1.90   1.76   0.91   2.00  -0.27  -0.14 
06:21:55    343.177      21.50      28.00      24.30      30.00     761.44     436.47     135.64      72.35      61.05       0.00     -0.01  -0.62   0.28  -0.67   1.30   0.10   1.63  -0.58  -1.68  -1.42   1.51  -0.04   1.60  -1.25 
06:22:00    343.117      21.50      28.00      24.30      30.00     741.42     441.47     135.36      68.43      61.15       0.00      0.03  -1.72  -1.05  -0.29  -1.25   0.87  -1.48  -0.95  -0.24  -0.65  -0.03   0.51   1.86   0.02 
06:22:05    343.051      21.50      28.00      24.30      30.00     764.43     436.73     135.36      68.43      62.12       0.00     -0.85  -0.48  -0.44   1.78  -0.39  -0.54   0.21   0.92  -1.74   0.72  -1.27  -0.76   1.04  -1.74 
06:22:11    342.983      21.50      28.00      24.30      30.00     776.61     434.06     138.31      61.72      62.61       0.00      1.43  -0.35   1.58  -1.38  -1.00   0.93   0.55   1.67  -0.90  -0.82   0.27  -0.78  -0.09   1.68 
06:22:16    342.918      21.50      28.00      24.30      30.00     764.86     435.96     137.39      58.11      62.20       0.00     -1.50   1.64  -0.35   1.63  -1.30  -1.37   1.31  -0.10   0.12   0.99   0.08   1.39  -1.86  -1.54 
06:22:21    342.851      21.50      28.00      24.30      30.00     748.76     438.97     135.40      60.41      60.88       0.00      0.03  -0.53  -1.33   1.17  -1.52  -0.07  -1.62   0.37  -0.55   1.63   0.46  -1.95   0.26  -0.67 
06:22:27    342.789      21.50      28.00      24.30      30.00     733.82     443.23     134.23      63.12      60.02       0.00      1.07   0.38   0.48  -2.00   0.76  -1.40  -1.47  -1.19   0.85  -0.18   0.05  -0.71   1.52   0.50 
06:22:32    342.721      21.50      28.00      24.30      30.00     762.10     437.55     136.55      68.80      61.68       0.00      0.50   1.75  -0.51   1.70  -1.27   0.88   1.86  -0.84  -1.08   1.16   0.94  -1.41  -0.46   1.30 
06:22:37    342.664      21.50      28.00      24.30      30.00     740.75     440.73     133.47      82.40      59.26       0.00      0.91   0.69  -1.50   1.96   1.99   1.82  -1.31  -1.97   1.03  -0.91  -1.80  -1.26   1.11  -1.82 
06:22:42    342.605      21.50      28.00      24.30      30.00     740.50     441.81     134.02      72.35      60.03       0.00      0.22   1.85   0.96   1.58   1.99   0.03  -0.68  -0.17  -1.59  -0.04   1.62  -0.78  -1.41   1.31 
06:22:48    342.533      21.50      28.00      24.30      30.00     771.11     435.22     137.45      57.88      62.38       0.00     -1.58   1.70   1.69   1.01  -1.08  -0.84   1.86   0.27   0.82   0.25  -0.14   0.95   1.13   0.06 
06:22:53    342.470      21.50      28.00      24.30      30.00     742.67     440.97     134.01      73.35      59.97       0.00     -1.22  -0.84  -1.70  -0.47   0.62   0.91  -1.27  -1.19  -1.78  -1.33  -0.67  -1.67   0.06   0.14 
06:22:59    342.407      21.50      28.00      24.30      30.00     757.69     438.06     135.29      70.53      61.14       0.00      1.10  -0.11  -0.14   1.69   1.50   1.98  -1.78   1.63  -1.11   1.17  -1.89  -1.30   0.72   1.94 
06:23:04    342.338      21.50      28.00      24.30      30.00     770.35     436.56     135.29      70.53      62.17       0.00      0.01   0.42   1.32   0.69   1.00  -0.53   0.06   1.10   1.37   0.74   0.52  -0.99  -0.34  -1.77 
06:23:09    342.278      21.50      28.00      24.30      30.00     758.01     437.72     136.13      68.93      61.36       0.00      1.72   1.22  -0.27   1.98   0.70   1.69   0.64  -1.01   0.99   0.83  -0.01   1.05   0.11  -1.68 
06:23:15    342.214      21.50      28.00      24.30      30.00     765.27     436.56     135.77      73.35      60.74       0.00     -1.18   0.27  -1.97   0.90   1.99   1.66   1.34  -1.77   1.07  -0.69  -1.68   0.83  -0.99   0.71 
06:23:20    342.150      21.50      28.00      24.30      30.00     739.50     441.81     134.95      63.12      59.55       0.00      1.26  -0.70  -0.48  -0.38  -0.26  -0.85  -1.08  -1.15   1.11   1.60   0.92  -1.57   1.34   1.08 
06:23:25    342.087      21.50      28.00      24.30      30.00     750.25     440.15     134.61      69.56      60.99       0.00      1.37  -1.46  -0.56   0.13   1.13   1.54  -0.48  -0.25  -1.88   1.67   0.32   0.94   0.68  -1.99 
06:23:31    342.022      21.50      28.00      24.30      30.00     756.75     439.55     135.98      66.47      61.52       0.00     -0.36   1.96  -1.91  -1.16   0.72   0.22   0.25  -0.28  -1.22  -0.42   0.50  -0.41   0.68  -1.01 
06:23:36    341.951      21.50      28.00      24.30      30.00     783.29     433.80     138.51      60.12      62.69       0.00      1.48   0.06   1.28   0.86  -0.08   1.01   0.44   1.86   1.39  -0.77  -1.19  -0.64   0.61   0.32 
06:23:41    341.889      21.50      28.00      24.30      30.00     728.82     444.24     132.90      72.35      59.58       0.00      0.87  -1.55   1.56   0.82   1.35  -1.23  -0.97  -1.85  -1.25   0.18  -1.88   1.28  -1.07  -1.13 
06:23:47    341.820      21.50      28.00      24.30      30.00     773.02     434.39     138.03      57.18      62.19       0.00      0.01  -0.48  -1.28   0.16  -1.20  -1.98   1.95  -0.43   1.14  -1.79  -0.06   0.21  -1.14   0.28 
06:23:52    341.756      21.50      28.00      24.30      30.00     761.85     436.30     135.42      72.35      61.01       0.00      0.78   1.53  -1.77   0.71   0.18   1.75   1.88  -0.83  -1.90   1.73  -0.13   1.54   1.58  -0.81 
06:23:57    341.694      21.50      28.00      24.30      30.00     765.03     436.64     136.31      69.00      61.42       0.00      0.20   1.98   0.20   0.74   1.32   1.07   1.87  -1.22   1.84  -1.61   1.80  -0.38   0.77   1.60 
06:24:03    341.630      21.50      28.00      24.30      30.00     748.84     439.40     136.31      69.00      60.45       0.00     -1.07  -1.31  -1.32   1.38  -1.09   0.87  -0.01  -1.07  -1.57  -1.60  -0.60   0.67   1.81  -0.67 
06:24:08    341.561      21.50      28.00      24.30      30.00     775.86     434.64     138.20      57.13      61.21       0.00      1.76   1.42  -0.72  -1.36   0.68  -1.92   1.37   0.83   1.85   1.09   0.46  -1.46   1.11   0.54 
06:24:13    341.499      21.50      28.00      24.30      30.00     746.26     439.81     135.22      63.76      59.11       0.00     -0.57   1.15  -0.80  -1.09  -1.29  -0.96  -0.76  -0.83   2.00  -0.25   0.58   0.30   1.65   1.97 
06:24:19    341.440      21.50      28.00      24.30      30.00     740.17     441.31     134.13      73.34      59.71       0.00      0.27  -0.51   0.85  -1.92   1.10  -0.67  -0.08  -1.69  -1.74  -1.48  -0.68  -0.78   0.45  -0.68 
06:24:24    341.374      21.50      28.00      24.30      30.00     748.93     440.15     135.97      64.40      61.22       0.00      1.24   1.67  -1.77  -0.77   1.48  -0.29  -0.62   0.14  -1.66   1.13   1.01   0.38  -1.51  -1.26 
06:24:29    341.314      21.50      28.00      24.30      30.00     742.75     441.06     134.88      64.70      60.80       0.00     -1.05   1.52   0.47   1.83   1.81   0.16  -1.31  -0.70   1.55  -0.28   0.86  -0.40  -1.49   1.27 
06:24:35    341.250      21.50      28.00      24.30      30.00     735.41     442.56     133.90      64.73      60.43       0.00      0.94   0.06   1.65   1.23  -0.04  -0.87  -0.76  -1.82   1.56  -1.08   0.52   0.42  -1.56  -0.23 
06:24:40    341.179      21.50      28.00      24.30      30.00     736.49     432.21     140.17      58.21      62.68       0.00      0.80  -0.73   0.86   0.47  -0.15  -1.01   1.53   1.87   0.26  -0.90   0.09  -1.40  -0.85  -1.80 
06:24:45    341.101      21.50      28.00      24.30      30.00     783.29     432.21     138.99      55.50      61.80       0.00      0.59  -0.07   1.79  -0.31  -1.81  -1.42   1.66   1.55   0.82   0.68  -0.18  -1.04   1.97  -0.75 
06:24:51    341.032      21.50      28.00      24.30      30.00     781.20     432.71     138.46      56.08      61.49       0.00     -0.31  -1.37   1.16  -0.58  -1.92  -0.13   1.11   0.99   1.38   1.23  -0.60  -0.13   1.79  -0.46 
06:24:56    340.972      21.50      28.00      24.30      30.00     731.15     443.47     132.74      81.58      58.67       0.00      0.08  -0.23  -0.74   1.59   1.05   0.05  -1.15  -1.84  -1.09  -1.86  -0.27   0.02  -0.28  -1.33 
06:25:01    340.902      21.50      28.00      24.30      30.00     782.54     432.81     132.74      81.58      62.22       0.00     -0.86   1.29   1.14  -1.36   0.48   1.86   1.69   1.11  -1.23   1.65   1.15  -0.98  -0.28   0.17 
06:25:07    340.837      21.50      28.00      24.30      30.00     766.52     435.96     136.96      59.58      61.70       0.00     -1.17   0.60   1.95   0.08   0.48  -0.77  -0.47   1.93  -0.59   0.20  -0.03  -1.34  -1.19   1.68 
06:25:12    340.767      21.50      28.00      24.30      30.00     775.69     435.31     138.12      58.07      62.11       0.00     -1.09   0.18   1.62   0.24  -1.71  -1.11   1.27   1.77  -1.46   0.50  -1.58   0.33   1.75  -0.28 
06:25:17    340.696      21.50      28.00      24.30      30.00     777.20     433.80     138.42      56.81      61.96       0.00      1.49   1.09  -1.90   0.10  -0.16   0.14  -0.67   1.99   0.95   0.25  -1.61  -1.59  -0.85   1.05 
06:25:23    340.635      21.50      28.00      24.30      30.00     741.59     441.23     134.45      71.96      60.04       0.00     -1.44  -1.97   0.79   0.98   1.47   1.39  -1.92  -0.62  -0.11  -0.88  -0.65  -0.01   1.86  -1.57 
06:25:28    340.568      21.50      28.00      24.30      30.00     754.92     439.40     136.71      59.59      60.82       0.00     -0.99   0.91   0.54   1.54  -0.91  -1.06  -0.58   0.88  -0.33   1.52  -0.55  -0.45   0.36   0.74 
06:25:33    340.506      21.50      28.00      24.30      30.00     755.26     438.39     135.95      62.62      61.26       0.00     -1.82  -0.18  -0.61  -1.02  -0.38  -0.09   0.06  -1.04   0.16  -0.68  -1.97   1.45  -0.74   0.36 
06:25:39    340.442      21.50      28.00      24.30      30.00     768.02     435.96     136.68      67.60      61.35       0.00     -0.50  -1.69   1.52  -1.36   1.19  -0.36   0.75   0.56  -1.11  -1.58   0.14  -0.58  -0.95   0.77 
06:25:44    340.375      21.50      28.00      24.30      30.00     755.26     437.48     136.22      60.79      61.29       0.00      1.60  -1.26   1.30   1.69   1.19  -1.50   0.78  -0.21   0.33   0.93   1.36  -0.57   0.84  -1.97 
06:25:49    340.315      21.50      28.00      24.30      30.00     750.09     439.81     134.67      72.35      59.75       0.00     -0.90   1.58   1.81  -0.40   1.70   0.90  -0.41  -0.48  -1.29   0.69  -0.11  -1.89   0.33  -1.82 
06:25:55    340.245      21.50      28.00      24.30      30.00     750.18     430.64     140.62      57.70      62.63       0.00      0.33  -0.69   1.69  -1.54   1.60   1.19   1.27   1.99   1.40   0.74  -1.99   1.68  -0.47   0.81 
06:26:00    340.176      21.50      28.00      24.30      30.00     753.26     439.06     138.45      58.22      60.88       0.00     -0.85  -1.13   1.75  -0.43  -1.75   1.15  -0.98  -0.29   0.45   1.93  -0.86   0.34  -0.06  -0.14 
06:26:05    340.108      21.50      28.00      24.30      30.00     768.02     435.96     138.45      58.22      60.97       0.00      0.23   0.19  -0.67  -1.77  -1.30  -0.34  -0.58   1.06   0.19   1.34  -1.64  -1.98   1.13  -0.13 
06:26:11    340.048      21.50      28.00      24.30      30.00     750.25     439.40     135.06      67.04      60.74       0.00      1.68   0.24   0.34  -1.51  -0.82   1.96  -1.09  -0.42  -0.82   0.34  -0.88  -1.05   1.72  -0.61 
06:26:16    339.980      21.50      28.00      24.30      30.00     756.01     438.89     136.03      59.69      61.01       0.00      0.86   0.54   0.04   0.01  -0.51  -0.50  -1.17   0.07   1.70  -0.95  -1.77  -1.33  -0.07   0.56 
06:26:21    339.915      21.50      28.00      24.30      30.00     747.58     440.15     135.17      65.43      60.83       0.00      0.82   0.19  -2.00  -0.07   1.88  -1.36   0.31  -1.27   0.26  -0.71  -1.35   0.54   1.16   0.39 
06:26:27    339.853      21.50      28.00      24.30      30.00     779.20     433.63     138.50      59.67      62.26       0.00      0.67   0.18   0.44  -0.59   0.46   1.75   0.06   1.27   1.66  -0.82  -0.52   1.25  -1.75   1.22 
06:26:32    339.786      21.50      28.00      24.30      30.00     763.51     436.47     137.14      58.62      60.44       0.00      0.31  -1.80  -1.41   0.23  -1.45  -0.58  -0.53   1.73  -1.09   1.65  -0.90   1.42   1.32   1.79 
06:26:37    339.725      21.50      28.00      24.30      30.00     740.67     440.89     134.89      63.43      58.90       0.00     -1.87   0.24  -1.31  -0.04  -1.53  -1.62  -1.65  -1.30   1.24   0.73  -1.06  -0.75  -1.87  -0.27 
06:26:43    339.660      21.50      28.00      24.30      30.00     761.18     437.72     136.10      69.86      60.92       0.00      1.78   1.31   0.94  -0.06  -0.58   0.37   1.88  -1.09  -0.57   0.54  -1.41   1.49  -0.63  -0.31 
06:26:48    339.596      21.50      28.00      24.30      30.00     748.93     439.06     135.62      60.73      60.39       0.00      1.19  -0.33   1.25  -1.90   0.08  -1.99  -0.62   0.71  -0.82  -1.84   1.80   0.35  -0.40   1.31 
06:26:53    339.538      21.50      28.00      24.30      30.00     738.92     442.05     134.65      69.21      60.09       0.00      1.14   1.73  -1.86   1.46   1.35  -0.42  -0.10  -1.75  -0.27   1.30  -0.81  -0.27  -1.25   1.55 
06:26:59    339.476      21.50      28.00      24.30      30.00     751.84     438.89     136.10      60.06      59.99       0.00     -1.70  -0.11  -1.73  -1.57  -0.25   0.82  -0.97  -0.77   1.38   0.62   1.21   1.97   0.43  -1.35 
06:27:04    339.410      21.50      28.00      24.30      30.00     754.76     438.97     136.10      60.06      61.15       0.00     -1.64  -1.65  -0.64  -1.70  -1.82   1.82  -0.05  -1.35  -0.46  -1.16   1.50  -1.62   1.48   0.56 
06:27:09    339.348      21.50      28.00      24.30      30.00     760.60     437.72     137.01      62.05      61.39       0.00     -0.05   0.55  -1.33  -0.62   0.92  -0.49   1.97  -1.99   1.08   0.15   1.51  -1.08  -1.91   1.96 
06:27:15    339.280      21.50      28.00      24.30      30.00     780.79     433.80     138.45      58.89      62.06       0.00      0.91  -0.04  -0.54   1.56  -1.07   1.29   0.10   1.75   0.62   0.16  -0.58  -1.60   0.62  -0.71 
06:27:20    339.216      21.50      28.00      24.30      30.00     722.90     445.81     132.89      66.15      59.16       0.00      0.98  -0.39  -1.20   0.74  -1.00  -1.55  -1.71  -1.93  -0.92  -0.26  -0.72   0.40   0.57  -1.63 
06:27:25    339.148      21.50      28.00      24.30      30.00     768.61     435.48     137.16      63.34      61.39       0.00      0.76  -0.49   0.40  -1.78   1.08  -1.59   0.73   1.16  -1.71  -0.73  -1.59   0.72  -1.36   0.54 
06:27:31    339.082      21.50      28.00      24.30      30.00     783.70     433.22     138.68      64.43      61.82       0.00     -1.39   1.02   1.29   0.20  -0.94   1.17   1.14   1.09  -0.14   0.17  -1.58  -0.40  -1.88  -0.33 
06:27:36    339.015      21.50      28.00      24.30      30.00     766.11     436.06     137.44      58.33      60.31       0.00     -0.59  -0.14   1.06   1.21  -1.41   0.32  -1.94   1.93   1.38   1.47  -1.24  -1.20  -1.31   0.58 
06:27:41    338.953      21.50      28.00      24.30      30.00     757.18     438.06     135.69      65.12      61.12       0.00     -1.14  -0.17  -0.82   1.34   1.05   0.89   1.72  -1.46  -0.11   1.77   1.75   1.10  -0.74   2.00 
06:27:47    338.891      21.50      28.00      24.30      30.00     750.42     439.64     135.68      62.87      60.69       0.00      0.77   1.43  -1.61   1.27  -0.19  -1.76  -0.06   0.49  -1.61  -0.76   0.41   0.99  -0.48  -0.66 
06:27:52    338.828      21.50      28.00      24.30      30.00     755.18     438.80     136.33      60.20      60.95       0.00     -1.46  -0.07   1.64  -0.93  -1.13  -0.91   0.76  -1.64   1.41  -0.67  -0.65  -0.98   1.51  -1.42 
06:27:57    338.765      21.50      28.00      24.30      30.00     735.91     442.82     134.11      69.48      60.02       0.00     -0.90   0.70   0.03   0.55   0.46   0.50  -1.98  -0.08  -1.79   0.24  -1.08   1.17  -0.11   0.57 
06:28:03    338.701      21.50      28.00      24.30      30.00     778.29     433.46     134.11      69.48      61.04       0.00     -1.36   0.81  -1.78   1.90   1.24  -0.77   1.27   1.28  -1.34  -1.59  -1.49  -1.42  -1.52   1.88 
06:28:08    338.636      21.50      28.00      24.30      30.00     762.60     436.47     136.67      64.64      61.53       0.00     -0.53   0.79   1.23  -1.41  -1.37   1.40   0.85  -1.06  -0.11   0.51   0.09  -0.83  -0.42  -1.11 
06:28:13    338.565      21.50      28.00      24.30      30.00     784.88     432.13     139.72      57.84      62.40       0.00      1.67   0.32   0.98  -0.95  -1.65   1.14   0.74   1.66   0.32   0.11  -1.34   1.00  -1.81  -1.23 
06:28:19    338.500      21.50      28.00      24.30      30.00     742.24     441.23     134.56      61.27      59.97       0.00      0.76  -1.09   1.99  -1.12  -0.31  -0.45  -0.54  -1.79   1.70   1.74  -1.06   0.71   1.00  -1.42 
06:28:24    338.434      21.50      28.00      24.30      30.00     742.41     431.80     139.44      56.68      62.38       0.00     -0.71  -0.51   1.68  -0.25  -0.66  -0.22   1.81   1.35   1.30  -1.56   0.43   1.02  -0.99   1.08 
06:28:29    338.364      21.50      28.00      24.30      30.00     759.93     437.38     136.79      60.88      61.35       0.00     -1.18   0.41  -0.02  -1.11  -0.34   0.86   0.40   0.13  -0.52  -0.71   1.44   2.00   0.73   0.97 
06:28:35    338.300      21.50      28.00      24.30      30.00     744.41     440.39     134.41      67.75      60.47       0.00      1.02   1.01   1.68   1.20  -1.93  -0.63   0.64  -0.90  -1.77   1.17  -1.65  -0.30   0.94   1.51 
06:28:40    338.233      21.50      28.00      24.30      30.00     745.01     429.05     141.09      57.47      62.68       0.00     -1.53  -0.38  -1.75   0.30   1.27   1.92   1.27   1.69   1.89   0.07  -0.59   0.69  -0.50   0.64 
06:28:45    338.166      21.50      28.00      24.30      30.00     774.03     434.39     138.49      58.52      61.99       0.00      1.18  -0.49  -1.25   1.01   0.82  -0.68   1.65   1.49  -1.35   1.26   1.39   1.75  -0.55   1.11 
06:28:51    338.101      21.50      28.00      24.30      30.00     755.67     437.98     136.47      60.46      59.73       0.00      1.83   1.33  -1.80   1.36  -0.83   0.69  -1.77   1.25   1.58   0.69   1.42   0.81  -0.67   1.89 
06:28:56    338.037      21.50      28.00      24.30      30.00     738.92     441.14     134.90      63.14      59.24       0.00      1.14   1.93   1.80  -1.38   1.36  -1.43  -1.26  -0.64   1.58   1.27   1.79  -1.04   0.32  -1.25 
06:29:01    337.975      21.50      28.00      24.30      30.00     759.59     436.56     134.90      63.14      58.59       0.00     -0.60   0.43   0.58   0.46   1.52   1.01   1.22  -0.99  -1.12  -1.52  -0.46  -1.43   0.34   1.12 
06:29:07    337.910      21.50      28.00      24.30      30.00     778.45     433.39     137.70      64.33      61.82       0.00     -1.17   0.61  -0.09   1.65   0.37  -0.20   1.06   1.97  -1.55   0.41  -0.93  -0.43   0.60   0.30 
06:29:12    337.847      21.50      28.00      24.30      30.00     723.73     445.32     133.15      69.79      59.25       0.00      0.46   1.23   0.40   0.58   0.93  -1.41  -1.06  -1.28  -1.41  -1.11   1.64   1.27  -0.80   1.94 
06:29:18    337.783      21.50      28.00      24.30      30.00     771.69     434.55     137.21      57.11      61.35       0.00     -1.56  -1.67  -0.78  -0.25  -0.91   0.36  -0.89   1.24   0.54  -0.52   0.87  -0.59  -1.29  -1.82 
06:29:23    337.721      21.50      28.00      24.30      30.00     753.50     438.89     135.89      61.36      60.87       0.00      0.04  -1.26   0.52   1.20  -0.83  -1.41   0.87  -1.31   1.36  -1.38  -0.95   1.77  -0.13   0.52 
06:29:28    337.653      21.50      28.00      24.30      30.00     753.93     438.89     135.97      59.72      60.14       0.00     -1.91   1.63  -0.99   0.75  -1.21  -0.26  -1.09   0.27   1.33  -1.03   1.74  -1.57   1.72   0.15 
06:29:34    337.593      21.50      28.00      24.30      30.00     746.67     440.22     134.99      63.50      60.59       0.00     -1.82  -2.00   0.96  -1.50   0.12  -1.35   0.49  -1.91  -0.54  -0.05  -0.97   1.39  -1.94  -0.72 
06:29:39    337.530      21.50      28.00      24.30      30.00     782.95     432.97     139.04      56.82      62.11       0.00      0.61  -0.59   1.86  -1.18   1.39   1.58   1.40   1.25   1.74   0.32   1.62   1.75   1.33   0.21 
06:29:44    337.465      21.50      28.00      24.30      30.00     742.84     441.06     134.51      67.93      60.23       0.00     -0.09  -0.57  -1.31   1.65  -0.61  -1.42   0.77  -1.87  -1.30  -0.50   1.09  -0.49  -0.14  -2.00 
06:29:50    337.402      21.50      28.00      24.30      30.00     764.02     437.64     136.31      64.17      61.16       0.00     -1.93   1.89   1.11  -1.20   0.21   1.06   0.20   1.30  -1.67  -0.45   1.16   1.12   1.63   0.50 
06:29:55    337.340      21.50      28.00      24.30      30.00     754.10     438.39     135.28      72.11      60.13       0.00      0.29   0.73   1.55   1.06   0.44  -0.10   0.93  -0.29  -1.71   1.49  -1.92  -0.75   1.71   1.26 
06:30:01    337.279      21.50      28.00      24.30      30.00     760.77     437.98     135.22      72.33      60.98       0.00      0.19   1.07   0.25   1.36  -1.54  -0.34   0.39   0.96  -1.02   0.83   0.91   0.79   0.36  -0.10 
06:30:06    337.214      21.50      28.00      24.30      30.00     766.11     436.30     135.22      72.33      60.79       0.00     -1.03   0.05  -1.20  -0.61  -0.74   0.17  -0.24   0.98   0.32  -0.13   1.00   0.06   1.16   1.17 
06:30:11    337.155      21.50      28.00      24.30      30.00     772.94     434.55     136.20      81.06      59.41       0.00      1.10   1.23   1.49   1.48  -0.70   1.80   1.91   0.02  -0.81  -1.07  -1.90   1.66  -1.33   1.79 
06:30:17    337.089      21.50      28.00      24.30      30.00     737.16     442.48     134.13      65.80      59.80       0.00      0.28   1.99   1.73   0.78   1.06  -1.03  -1.99   0.33  -0.06  -0.88  -0.73   0.40  -0.89   0.61 
06:30:22    337.029      21.50      28.00      24.30      30.00     742.41     441.64     134.40      63.54      60.24       0.00     -0.26  -1.59   1.43  -1.81  -1.46  -1.86   0.04  -1.49  -1.17  -1.42  -0.75   1.20  -0.65  -1.93 
06:30:27    336.965      21.50      28.00      24.30      30.00     742.00     431.89     139.30      56.64      62.10       0.00     -1.22  -0.17  -0.22  -0.47  -0.54   0.33   1.72   1.99  -0.08  -1.11   1.77   0.02   1.15   2.00 
06:30:28    336.954      21.50      28.00      24.30      30.00     742.00     431.89     140.14      56.19      62.10       0.00      0.00   0.00   0.00   0.00   0.00   0.00   0.00   0.00   0.00   0.00   0.00   0.00   0.00   0.00 
